0	0	856.2561035156	0.6103515625
0	1	248.6083984375	0.6103515625
0	2	145.2380371094	0.6103515625
0	3	-674.2126464844	0.6103515625
0	4	53.9549560547	0.6103515625
0	5	603.7457275391	0.6103515625
0	6	312.2393798828	0.6103515625
0	7	661.7431640625	0.6103515625
0	8	339.8950195313	0.6103515625
0	9	-367.4688720703	0.6103515625
0	10	383.2574462891	0.6103515625
0	11	524.5532226563	0.6103515625
0	12	-68.2379150391	0.6103515625
0	13	416.2054443359	0.6103515625
0	14	47.7504882813	0.6103515625
0	15	-751.5869140625	0.6103515625
0	16	175.2368164063	0.6103515625
0	17	-369.2156982422	0.6103515625
0	18	201.4538574219	0.6103515625
0	19	-431.1077880859	0.6103515625
0	20	-185.9350585938	0.6103515625
0	21	-438.564453125	0.6103515625
0	22	92.6971435547	0.6103515625
0	23	-866.9067382813	0.6103515625
0	24	-444.4586181641	0.6103515625
0	25	-1346.2890625	0.6103515625
0	26	-97.4188232422	0.6103515625
0	27	-342.8308105469	0.6103515625
0	28	-1058.8439941406	0.6103515625
0	29	18.1568603516	0.6103515625
0	30	308.2672119141	0.6103515625
0	31	-1110.7421875	0.6103515625
0	32	-217.2338867188	0.6103515625
0	33	-126.9799804688	0.6103515625
0	34	-328.5095214844	0.6103515625
0	35	386.9970703125	0.6103515625
0	36	649.8413085938	0.6103515625
0	37	0	0.6103515625
0	38	-306.4984130859	0.6103515625
0	39	-113.4643554688	0.6103515625
0	40	0	0.6103515625
0	41	-1469.8608398438	0.6103515625
0	42	-37.3282470703	0.6103515625
0	43	-89.2291259766	0.6103515625
0	44	142.4572753906	0.6103515625
0	45	-888.5009765625	0.6103515625
0	46	142.8930664063	0.6103515625
0	47	-493.6358642578	0.6103515625
0	48	-173.9434814453	0.6103515625
0	49	956.8603515625	0.6103515625
0	50	-985.1440429688	0.6103515625
0	51	-341.8182373047	0.6103515625
0	52	122.5799560547	0.6103515625
0	53	-727.587890625	0.6103515625
0	54	285.0042724609	0.6103515625
0	55	0	0.6103515625
0	56	37.297668457	0.6103515625
0	57	0	0.6103515625
0	58	0	0.6103515625
0	59	133.6932373047	0.6103515625
0	60	-585.3369140625	0.6103515625
0	61	-359.853515625	0.6103515625
0	62	-29455030.5175781	0.6103515625
0	63	0	0.6103515625
0	64	-1121.2707519531	0.6103515625
0	65	-1050.7995605469	0.6103515625
0	66	-232.8112792969	0.6103515625
0	67	943.0358886719	0.6103515625
0	68	909.3688964844	0.6103515625
0	69	-115.9393310547	0.6103515625
0	70	28.3451538086	0.6103515625
0	71	578.8848876953	0.6103515625
0	72	-418.3929443359	0.6103515625
0	73	180.4248046875	0.6103515625
0	74	-365.0860595703	0.6103515625
0	75	-191.9000244141	0.6103515625
0	76	-207.1997070313	0.6103515625
0	77	214.6868896484	0.6103515625
0	78	22.9852905273	0.6103515625
0	79	196.7584228516	0.6103515625
0	80	-227.6239013672	0.6103515625
0	81	-177.1606445313	0.6103515625
0	82	-308.1634521484	0.6103515625
0	83	1069.8669433594	0.6103515625
0	84	-684.9853515625	0.6103515625
0	85	437.7581787109	0.6103515625
0	86	-149.970703125	0.6103515625
0	87	-121.0241699219	0.6103515625
0	88	-32.2401123047	0.6103515625
0	89	-263.2757568359	0.6103515625
0	90	-734.7961425781	0.6103515625
0	91	-338.53515625	0.6103515625
0	92	-244.0191650391	0.6103515625
0	93	-217.9248046875	0.6103515625
0	94	-598.3868408203	0.6103515625
0	95	-480.7360839844	0.6103515625
0	96	-891.1682128906	0.6103515625
0	97	-526.4910888672	0.6103515625
0	98	642.1936035156	0.6103515625
0	99	275.7897949219	0.6103515625
0	100	-856.4819335938	0.6103515625
0	101	189.9310302734	0.6103515625
0	102	-274.8669433594	0.6103515625
0	103	0	0.6103515625
0	104	-179.6105957031	0.6103515625
0	105	385.4956054688	0.6103515625
0	106	-1132.8002929688	0.6103515625
0	107	0	0.6103515625
0	108	-210.1971435547	0.6103515625
0	109	399.7760009766	0.6103515625
0	110	93.0670166016	0.6103515625
0	111	-302.4176025391	0.6103515625
0	112	-360.1135253906	0.6103515625
0	113	-174.4940185547	0.6103515625
0	114	136.2091064453	0.6103515625
0	115	9.2709350586	0.6103515625
0	116	-460.9124755859	0.6103515625
0	117	-683.7036132813	0.6103515625
0	118	-203.9306640625	0.6103515625
0	119	-839.6057128906	0.6103515625
0	120	-293.4002685547	0.6103515625
0	121	-840.7531738281	0.6103515625
0	122	-857.2448730469	0.6103515625
0	123	-190.1214599609	0.6103515625
0	124	591.3098144531	0.6103515625
0	125	-1436.2487792969	0.6103515625
0	126	854.4921875	0.6103515625
0	127	0	0.6103515625
1	0	0	0.6103515625
1	1	437.5682128906	0.6103515625
1	2	-1200.09765625	0.6103515625
1	3	-441.8603515625	0.6103515625
1	4	292.8338623047	0.6103515625
1	5	-675.0244140625	0.6103515625
1	6	667.0104980469	0.6103515625
1	7	167.5701904297	0.6103515625
1	8	-691.40625	0.6103515625
1	9	501.9580078125	0.6103515625
1	10	347.8100585938	0.6103515625
1	11	13.7658691406	0.6103515625
1	12	-311.4312744141	0.6103515625
1	13	-625.6896972656	0.6103515625
1	14	-1277.5329589844	0.6103515625
1	15	-522.3425292969	0.6103515625
1	16	-330.2679443359	0.6103515625
1	17	-1453.3264160156	0.6103515625
1	18	-61.9494628906	0.6103515625
1	19	-168.28125	0.6103515625
1	20	-1043.4692382813	0.6103515625
1	21	-943.0725097656	0.6103515625
1	22	273.0169677734	0.6103515625
1	23	-385.0720214844	0.6103515625
1	24	-151.4086914063	0.6103515625
1	25	48.3731689453	0.6103515625
1	26	-414.2413330078	0.6103515625
1	27	-534.2578125	0.6103515625
1	28	-512.0056152344	0.6103515625
1	29	-1070.4711914063	0.6103515625
1	30	-989.2883300781	0.6103515625
1	31	-183.0828857422	0.6103515625
1	32	-447.5958251953	0.6103515625
1	33	-143.8610839844	0.6103515625
1	34	-937.7380371094	0.6103515625
1	35	-612.4755859375	0.6103515625
1	36	-316.2432861328	0.6103515625
1	37	-391.3885498047	0.6103515625
1	38	-264.5989990234	0.6103515625
1	39	-925.2075195313	0.6103515625
1	40	-550.7775878906	0.6103515625
1	41	-1062.0422363281	0.6103515625
1	42	-269.3579101563	0.6103515625
1	43	-77.4157714844	0.6103515625
1	44	7.6090698242	0.6103515625
1	45	0	0.6103515625
1	46	-356.1474609375	0.6103515625
1	47	-373.9776611328	0.6103515625
1	48	-551.9323730469	0.6103515625
1	49	515.0573730469	0.6103515625
1	50	-643.5852050781	0.6103515625
1	51	-234.1455078125	0.6103515625
1	52	160.1452636719	0.6103515625
1	53	393.5522460938	0.6103515625
1	54	147.1337890625	0.6103515625
1	55	321.3104248047	0.6103515625
1	56	-204.599609375	0.6103515625
1	57	338.5925292969	0.6103515625
1	58	80.7989501953	0.6103515625
1	59	398.5125732422	0.6103515625
1	60	159.5141601563	0.6103515625
1	61	-264.9078369141	0.6103515625
1	62	159.5153808594	0.6103515625
1	63	-704.2541503906	0.6103515625
1	64	-800.4516601563	0.6103515625
1	65	0	0.6103515625
1	66	-85.3308105469	0.6103515625
1	67	142.7563476563	0.6103515625
1	68	-1569.7021484375	0.6103515625
1	69	35.0992431641	0.6103515625
1	70	-242.451171875	0.6103515625
1	71	-179.1143798828	0.6103515625
1	72	-861.6455078125	0.6103515625
1	73	-513.9190673828	0.6103515625
1	74	-988.3666992188	0.6103515625
1	75	-318.6059570313	0.6103515625
1	76	350.7696533203	0.6103515625
1	77	-1521.9848632813	0.6103515625
1	78	55.8036499023	0.6103515625
1	79	-440.1416015625	0.6103515625
1	80	249.1204833984	0.6103515625
1	81	116.4013671875	0.6103515625
1	82	-411.6180419922	0.6103515625
1	83	-491.1285400391	0.6103515625
1	84	88.0157470703	0.6103515625
1	85	-414.8785400391	0.6103515625
1	86	247.9821777344	0.6103515625
1	87	-210.8758544922	0.6103515625
1	88	-192.7655029297	0.6103515625
1	89	22.6811523438	0.6103515625
1	90	747.1801757813	0.6103515625
1	91	-6.1479492188	0.6103515625
1	92	235.0006103516	0.6103515625
1	93	-786.9018554688	0.6103515625
1	94	-349.6838378906	0.6103515625
1	95	-573.7298583984	0.6103515625
1	96	-240.0946044922	0.6103515625
1	97	-542.2290039063	0.6103515625
1	98	-140.9112548828	0.6103515625
1	99	-447.6037597656	0.6103515625
1	100	-346.4202880859	0.6103515625
1	101	128.4497070313	0.6103515625
1	102	-608.6535644531	0.6103515625
1	103	-227.2064208984	0.6103515625
1	104	145.4180908203	0.6103515625
1	105	145.8966064453	0.6103515625
1	106	589.2529296875	0.6103515625
1	107	0	0.6103515625
1	108	-157.2760009766	0.6103515625
1	109	568.2397460938	0.6103515625
1	110	745.4467773438	0.6103515625
1	111	-216.2408447266	0.6103515625
1	112	-924.4934082031	0.6103515625
1	113	-925.4028320313	0.6103515625
1	114	1453.0578613281	0.6103515625
1	115	7.1478271484	0.6103515625
1	116	482.568359375	0.6103515625
1	117	-92.6336669922	0.6103515625
1	118	1538.8305664063	0.6103515625
1	119	-31.6451416016	0.6103515625
1	120	329.4165039063	0.6103515625
1	121	308.0377197266	0.6103515625
1	122	-606.2170410156	0.6103515625
1	123	302.4017333984	0.6103515625
1	124	242.8344726563	0.6103515625
1	125	-125.8123779297	0.6103515625
1	126	-460.007611084	0.6103515625
1	127	0	0.6103515625
2	0	0	0.6103515625
2	1	264.2583557129	0.6103515625
2	2	-2230.9631347656	0.6103515625
2	3	-423.2702636719	0.6103515625
2	4	229.4183349609	0.6103515625
2	5	-359.1748046875	0.6103515625
2	6	-360.5053710938	0.6103515625
2	7	-253.9526367188	0.6103515625
2	8	-128.9361572266	0.6103515625
2	9	-186.6522216797	0.6103515625
2	10	-383.3856201172	0.6103515625
2	11	362.0465087891	0.6103515625
2	12	-114.0966796875	0.6103515625
2	13	-350.0775146484	0.6103515625
2	14	-476.6375732422	0.6103515625
2	15	-474.1748046875	0.6103515625
2	16	-133.6041259766	0.6103515625
2	17	153.9733886719	0.6103515625
2	18	-1025.9033203125	0.6103515625
2	19	-442.8063964844	0.6103515625
2	20	-659.9975585938	0.6103515625
2	21	-604.9945068359	0.6103515625
2	22	-462.1215820313	0.6103515625
2	23	-330.6280517578	0.6103515625
2	24	-115.1849365234	0.6103515625
2	25	-675.7934570313	0.6103515625
2	26	-24.3578491211	0.6103515625
2	27	-420.7391357422	0.6103515625
2	28	-707.6171875	0.6103515625
2	29	-928.80859375	0.6103515625
2	30	-81.7687988281	0.6103515625
2	31	-405.1678466797	0.6103515625
2	32	8.0513916016	0.6103515625
2	33	-956.4270019531	0.6103515625
2	34	-1326.806640625	0.6103515625
2	35	-924.7619628906	0.6103515625
2	36	-754.7180175781	0.6103515625
2	37	-285.1544189453	0.6103515625
2	38	715.283203125	0.6103515625
2	39	-671.5148925781	0.6103515625
2	40	-78.1872558594	0.6103515625
2	41	226.3616943359	0.6103515625
2	42	-1230.6213378906	0.6103515625
2	43	288.0279541016	0.6103515625
2	44	-839.7216796875	0.6103515625
2	45	221.0284423828	0.6103515625
2	46	-438.6444091797	0.6103515625
2	47	213.0981445313	0.6103515625
2	48	-396.50390625	0.6103515625
2	49	134.9871826172	0.6103515625
2	50	-429.7650146484	0.6103515625
2	51	230.9326171875	0.6103515625
2	52	663.18359375	0.6103515625
2	53	-599.6417236328	0.6103515625
2	54	532.9315185547	0.6103515625
2	55	-415.9014892578	0.6103515625
2	56	-382.8936767578	0.6103515625
2	57	211.9134521484	0.6103515625
2	58	219.4201660156	0.6103515625
2	59	-224.4165039063	0.6103515625
2	60	838.5559082031	0.6103515625
2	61	-405.7800292969	0.6103515625
2	62	-430.1202392578	0.6103515625
2	63	-247.7264404297	0.6103515625
2	64	-717.08984375	0.6103515625
2	65	-869.6960449219	0.6103515625
2	66	-734.27734375	0.6103515625
2	67	-858.2580566406	0.6103515625
2	68	-15.5469970703	0.6103515625
2	69	668.3837890625	0.6103515625
2	70	-580.048828125	0.6103515625
2	71	-551.4141845703	0.6103515625
2	72	-366.5850830078	0.6103515625
2	73	646.630859375	0.6103515625
2	74	-299.5037841797	0.6103515625
2	75	-450.6481933594	0.6103515625
2	76	17.7007446289	0.6103515625
2	77	578.6395263672	0.6103515625
2	78	404.5855712891	0.6103515625
2	79	1173.1201171875	0.6103515625
2	80	342.8149414063	0.6103515625
2	81	576.2945556641	0.6103515625
2	82	-519.5349121094	0.6103515625
2	83	-98.4265136719	0.6103515625
2	84	44.8184814453	0.6103515625
2	85	752.2277832031	0.6103515625
2	86	268.2489013672	0.6103515625
2	87	1920.6604003906	0.6103515625
2	88	828.7719726563	0.6103515625
2	89	-804.8156738281	0.6103515625
2	90	118.6975097656	0.6103515625
2	91	-488.1658935547	0.6103515625
2	92	431.8365478516	0.6103515625
2	93	594.8858642578	0.6103515625
2	94	-425.7897949219	0.6103515625
2	95	134.3768310547	0.6103515625
2	96	430.8996582031	0.6103515625
2	97	56.6801147461	0.6103515625
2	98	299.6685791016	0.6103515625
2	99	-157.8283691406	0.6103515625
2	100	299.5812988281	0.6103515625
2	101	1454.4067382813	0.6103515625
2	102	1.5779846191	0.6103515625
2	103	926.2268066406	0.6103515625
2	104	992.7917480469	0.6103515625
2	105	664.8010253906	0.6103515625
2	106	147.6776123047	0.6103515625
2	107	116.2817382813	0.6103515625
2	108	429.6826171875	0.6103515625
2	109	316.7437744141	0.6103515625
2	110	1062.0971679688	0.6103515625
2	111	16.2413330078	0.6103515625
2	112	-450.5523681641	0.6103515625
2	113	915.33203125	0.6103515625
2	114	-509.5880126953	0.6103515625
2	115	624.169921875	0.6103515625
2	116	-852.2094726563	0.6103515625
2	117	-702.7038574219	0.6103515625
2	118	-1083.2580566406	0.6103515625
2	119	-991.6931152344	0.6103515625
2	120	-391.3330078125	0.6103515625
2	121	-265.8483886719	0.6103515625
2	122	-541.2933349609	0.6103515625
2	123	-915.6982421875	0.6103515625
2	124	-263.0517578125	0.6103515625
2	125	-380.7897949219	0.6103515625
2	126	-417.1161315918	0.6103515625
2	127	0	0.6103515625
3	0	0	0.6103515625
3	1	-126.2005126953	0.6103515625
3	2	-246.4013671875	0.6103515625
3	3	-938.2690429688	0.6103515625
3	4	322.7001953125	0.6103515625
3	5	-933.9477539063	0.6103515625
3	6	37.1423950195	0.6103515625
3	7	205.2990722656	0.6103515625
3	8	-316.8682861328	0.6103515625
3	9	570.3240966797	0.6103515625
3	10	-280.5773925781	0.6103515625
3	11	-343.3740234375	0.6103515625
3	12	-132.3095703125	0.6103515625
3	13	534.4158935547	0.6103515625
3	14	218.3813476563	0.6103515625
3	15	410.4284667969	0.6103515625
3	16	-207.2613525391	0.6103515625
3	17	-1516.0766601563	0.6103515625
3	18	344.0710449219	0.6103515625
3	19	-25.0606689453	0.6103515625
3	20	-755.0415039063	0.6103515625
3	21	-453.1848144531	0.6103515625
3	22	-114.7760009766	0.6103515625
3	23	144.7308349609	0.6103515625
3	24	-141.1706542969	0.6103515625
3	25	919.8303222656	0.6103515625
3	26	-186.9110107422	0.6103515625
3	27	-412.3052978516	0.6103515625
3	28	27.8334960938	0.6103515625
3	29	-696.2463378906	0.6103515625
3	30	314.1345214844	0.6103515625
3	31	-453.4124755859	0.6103515625
3	32	-229.4104003906	0.6103515625
3	33	-296.1291503906	0.6103515625
3	34	-58.4979248047	0.6103515625
3	35	-24.3682250977	0.6103515625
3	36	71.8682861328	0.6103515625
3	37	-763.5131835938	0.6103515625
3	38	-282.5250244141	0.6103515625
3	39	370.0439453125	0.6103515625
3	40	-644.7021484375	0.6103515625
3	41	-148.5919189453	0.6103515625
3	42	-262.5921630859	0.6103515625
3	43	199.5440673828	0.6103515625
3	44	-709.7839355469	0.6103515625
3	45	-16.780090332	0.6103515625
3	46	-494.3737792969	0.6103515625
3	47	-1049.1394042969	0.6103515625
3	48	180.0177001953	0.6103515625
3	49	704.8217773438	0.6103515625
3	50	918.0969238281	0.6103515625
3	51	-336.9989013672	0.6103515625
3	52	189.0887451172	0.6103515625
3	53	547.0599365234	0.6103515625
3	54	786.3098144531	0.6103515625
3	55	763.7268066406	0.6103515625
3	56	664.794921875	0.6103515625
3	57	1185.5285644531	0.6103515625
3	58	482.7490234375	0.6103515625
3	59	1332.8369140625	0.6103515625
3	60	313.0297851563	0.6103515625
3	61	917.2119140625	0.6103515625
3	62	-63.2952880859	0.6103515625
3	63	1481.0180664063	0.6103515625
3	64	0	0.6103515625
3	65	443.017578125	0.6103515625
3	66	352.9052734375	0.6103515625
3	67	198.9154052734	0.6103515625
3	68	-98.3471679688	0.6103515625
3	69	-582.9071044922	0.6103515625
3	70	-778.1555175781	0.6103515625
3	71	-368.9263916016	0.6103515625
3	72	185.1947021484	0.6103515625
3	73	-537.7111816406	0.6103515625
3	74	137.3321533203	0.6103515625
3	75	44.3460693359	0.6103515625
3	76	-541.6632080078	0.6103515625
3	77	275.4528808594	0.6103515625
3	78	-250.0299072266	0.6103515625
3	79	-814.55078125	0.6103515625
3	80	127.919921875	0.6103515625
3	81	-116.0083007813	0.6103515625
3	82	214.7393798828	0.6103515625
3	83	551.2945556641	0.6103515625
3	84	-1073.8525390625	0.6103515625
3	85	-73.4783935547	0.6103515625
3	86	-821.6552734375	0.6103515625
3	87	-506.8511962891	0.6103515625
3	88	442.5225830078	0.6103515625
3	89	-489.5538330078	0.6103515625
3	90	-199.091796875	0.6103515625
3	91	-9.5177001953	0.6103515625
3	92	646.5637207031	0.6103515625
3	93	-1233.1420898438	0.6103515625
3	94	-143.5046386719	0.6103515625
3	95	-141.1376953125	0.6103515625
3	96	0	0.6103515625
3	97	-611.6821289063	0.6103515625
3	98	820.4650878906	0.6103515625
3	99	1210.1318359375	0.6103515625
3	100	-74.5001220703	0.6103515625
3	101	360.1239013672	0.6103515625
3	102	122.2509765625	0.6103515625
3	103	219.6173095703	0.6103515625
3	104	199.1497802734	0.6103515625
3	105	428.2666015625	0.6103515625
3	106	280.6884765625	0.6103515625
3	107	-444.2352294922	0.6103515625
3	108	90.5981445313	0.6103515625
3	109	1098.6083984375	0.6103515625
3	110	620.0805664063	0.6103515625
3	111	-441.4727783203	0.6103515625
3	112	-525.1727294922	0.6103515625
3	113	697.4426269531	0.6103515625
3	114	707.6354980469	0.6103515625
3	115	-534.8651123047	0.6103515625
3	116	-295.8868408203	0.6103515625
3	117	-48.551940918	0.6103515625
3	118	-1216.8273925781	0.6103515625
3	119	-93.232421875	0.6103515625
3	120	-654.6142578125	0.6103515625
3	121	-668.3959960938	0.6103515625
3	122	-79.6722412109	0.6103515625
3	123	-608.8720703125	0.6103515625
3	124	-1225.4821777344	0.6103515625
3	125	124.8748779297	0.6103515625
3	126	-802.4992736816	0.6103515625
3	127	0	0.6103515625
4	0	0	0.6103515625
4	1	-1805.0571350098	0.6103515625
4	2	-1974.0844726563	0.6103515625
4	3	0	0.6103515625
4	4	0	0.6103515625
4	5	-2175.655090332	0.6103515625
4	6	-532.1325683594	0.6103515625
4	7	-435.0054931641	0.6103515625
4	8	-711.6149902344	0.6103515625
4	9	-1401.3488769531	0.6103515625
4	10	-1422.1801757813	0.6103515625
4	11	-163.4808349609	0.6103515625
4	12	-236.9201660156	0.6103515625
4	13	0	0.6103515625
4	14	286.7376708984	0.6103515625
4	15	71.1541748047	0.6103515625
4	16	614.1235351563	0.6103515625
4	17	456.1798095703	0.6103515625
4	18	-71.298828125	0.6103515625
4	19	-177.0874023438	0.6103515625
4	20	-517.0281982422	0.6103515625
4	21	-328.7438964844	0.6103515625
4	22	-166.8438720703	0.6103515625
4	23	-756.6284179688	0.6103515625
4	24	-154.4763183594	0.6103515625
4	25	-262.6171875	0.6103515625
4	26	-233.9965820313	0.6103515625
4	27	348.9147949219	0.6103515625
4	28	980.1208496094	0.6103515625
4	29	-150.2661132813	0.6103515625
4	30	-243.3972167969	0.6103515625
4	31	605.1916503906	0.6103515625
4	32	-326.9586181641	0.6103515625
4	33	123.9038085938	0.6103515625
4	34	251.8444824219	0.6103515625
4	35	182.8234863281	0.6103515625
4	36	-328.1939697266	0.6103515625
4	37	-185.9393310547	0.6103515625
4	38	210.7073974609	0.6103515625
4	39	192.6922607422	0.6103515625
4	40	108.7139892578	0.6103515625
4	41	293.0133056641	0.6103515625
4	42	-629.6447753906	0.6103515625
4	43	239.951171875	0.6103515625
4	44	976.6967773438	0.6103515625
4	45	-744.4458007813	0.6103515625
4	46	619.0856933594	0.6103515625
4	47	767.2241210938	0.6103515625
4	48	458.349609375	0.6103515625
4	49	163.9373779297	0.6103515625
4	50	-261.7932128906	0.6103515625
4	51	111.9396972656	0.6103515625
4	52	-135.3601074219	0.6103515625
4	53	-483.1372070313	0.6103515625
4	54	331.2188720703	0.6103515625
4	55	-267.2277832031	0.6103515625
4	56	-558.2568359375	0.6103515625
4	57	-342.3461914063	0.6103515625
4	58	-76.494140625	0.6103515625
4	59	-4.1906677246	0.6103515625
4	60	-665.8569335938	0.6103515625
4	61	195.3637695313	0.6103515625
4	62	-710.7849121094	0.6103515625
4	63	-3997.216796875	0.6103515625
4	64	0	0.6103515625
4	65	-523.5662841797	0.6103515625
4	66	-241.9390869141	0.6103515625
4	67	-1089.4409179688	0.6103515625
4	68	754.0893554688	0.6103515625
4	69	276.3934326172	0.6103515625
4	70	-1291.9189453125	0.6103515625
4	71	-230.1275634766	0.6103515625
4	72	500.0756835938	0.6103515625
4	73	101.3604736328	0.6103515625
4	74	712.2741699219	0.6103515625
4	75	-255.8581542969	0.6103515625
4	76	-80.0201416016	0.6103515625
4	77	86.1126708984	0.6103515625
4	78	776.6845703125	0.6103515625
4	79	-101.8603515625	0.6103515625
4	80	405.1824951172	0.6103515625
4	81	890.1306152344	0.6103515625
4	82	36.6963500977	0.6103515625
4	83	51.3737792969	0.6103515625
4	84	-99.7570800781	0.6103515625
4	85	571.0327148438	0.6103515625
4	86	533.7664794922	0.6103515625
4	87	-12.6319580078	0.6103515625
4	88	-501.0845947266	0.6103515625
4	89	535.4791259766	0.6103515625
4	90	508.525390625	0.6103515625
4	91	233.9422607422	0.6103515625
4	92	608.8604736328	0.6103515625
4	93	-647.1923828125	0.6103515625
4	94	187.9211425781	0.6103515625
4	95	-200.7733154297	0.6103515625
4	96	182.4133300781	0.6103515625
4	97	-159.5922851563	0.6103515625
4	98	-1059.3627929688	0.6103515625
4	99	-912.109375	0.6103515625
4	100	435.6317138672	0.6103515625
4	101	-1215.2099609375	0.6103515625
4	102	-125.9576416016	0.6103515625
4	103	-334.6020507813	0.6103515625
4	104	-301.6583251953	0.6103515625
4	105	-792.8955078125	0.6103515625
4	106	-577.6788330078	0.6103515625
4	107	715.2587890625	0.6103515625
4	108	-698.1384277344	0.6103515625
4	109	155.8349609375	0.6103515625
4	110	-462.0745849609	0.6103515625
4	111	-1205.1696777344	0.6103515625
4	112	-703.564453125	0.6103515625
4	113	-954.7668457031	0.6103515625
4	114	-581.7431640625	0.6103515625
4	115	-441.796875	0.6103515625
4	116	-960.25390625	0.6103515625
4	117	299.6057128906	0.6103515625
4	118	521.9158935547	0.6103515625
4	119	936.7858886719	0.6103515625
4	120	-270.0390625	0.6103515625
4	121	915.8447265625	0.6103515625
4	122	-75.8642578125	0.6103515625
4	123	14.014831543	0.6103515625
4	124	-661.7980957031	0.6103515625
4	125	0	0.6103515625
4	126	0	0.6103515625
4	127	-31272.3388671875	0.6103515625
5	0	0	0.6103515625
5	1	-338054.809570312	0.6103515625
5	2	-5035.0280761719	0.6103515625
5	3	-591.2896728516	0.6103515625
5	4	-1269.1955566406	0.6103515625
5	5	-969.6105957031	0.6103515625
5	6	-29.0445556641	0.6103515625
5	7	246.2750244141	0.6103515625
5	8	-550.5645751953	0.6103515625
5	9	106.8426513672	0.6103515625
5	10	77.4841308594	0.6103515625
5	11	203.9697265625	0.6103515625
5	12	134.7601318359	0.6103515625
5	13	-654.1442871094	0.6103515625
5	14	-912.1032714844	0.6103515625
5	15	-1107.3425292969	0.6103515625
5	16	1114.84375	0.6103515625
5	17	207.4658203125	0.6103515625
5	18	-921.4538574219	0.6103515625
5	19	-1185.6262207031	0.6103515625
5	20	-308.3123779297	0.6103515625
5	21	-333.8226318359	0.6103515625
5	22	-1023.0712890625	0.6103515625
5	23	285.5187988281	0.6103515625
5	24	-290.8734130859	0.6103515625
5	25	-274.2083740234	0.6103515625
5	26	-1113.916015625	0.6103515625
5	27	-1150.4943847656	0.6103515625
5	28	-1055.5358886719	0.6103515625
5	29	-410.5407714844	0.6103515625
5	30	-1368.8537597656	0.6103515625
5	31	244.0368652344	0.6103515625
5	32	17.7793579102	0.6103515625
5	33	-133.1134033203	0.6103515625
5	34	-1891.8273925781	0.6103515625
5	35	51.1930541992	0.6103515625
5	36	-63.046875	0.6103515625
5	37	713.1591796875	0.6103515625
5	38	41.8574829102	0.6103515625
5	39	301.7437744141	0.6103515625
5	40	80.4736328125	0.6103515625
5	41	850.5493164063	0.6103515625
5	42	-309.6783447266	0.6103515625
5	43	-142.4267578125	0.6103515625
5	44	1161.0534667969	0.6103515625
5	45	583.7677001953	0.6103515625
5	46	-24.2607421875	0.6103515625
5	47	304.8809814453	0.6103515625
5	48	254.2712402344	0.6103515625
5	49	266.1901855469	0.6103515625
5	50	-778.3142089844	0.6103515625
5	51	517.9998779297	0.6103515625
5	52	-254.6032714844	0.6103515625
5	53	0	0.6103515625
5	54	347.0601623535	0.6103515625
5	55	-369.5330810547	0.6103515625
5	56	-103.1872558594	0.6103515625
5	57	136.07421875	0.6103515625
5	58	-997.7844238281	0.6103515625
5	59	596.3623046875	0.6103515625
5	60	-74.4104003906	0.6103515625
5	61	-309.6179199219	0.6103515625
5	62	-747.2961425781	0.6103515625
5	63	-518.4790039063	0.6103515625
5	64	0	0.6103515625
5	65	-372.4047851563	0.6103515625
5	66	-483.7762451172	0.6103515625
5	67	653.8879394531	0.6103515625
5	68	-159.2419433594	0.6103515625
5	69	-32.9503173828	0.6103515625
5	70	333.7176513672	0.6103515625
5	71	-70.9332275391	0.6103515625
5	72	101.3494873047	0.6103515625
5	73	206.1560058594	0.6103515625
5	74	289.3237304688	0.6103515625
5	75	-275.5932617188	0.6103515625
5	76	-178.7908935547	0.6103515625
5	77	-169.4110107422	0.6103515625
5	78	124.2858886719	0.6103515625
5	79	0	0.6103515625
5	80	-152.0001220703	0.6103515625
5	81	-593.9739990234	0.6103515625
5	82	581.4373779297	0.6103515625
5	83	-855.2490234375	0.6103515625
5	84	191.2768554688	0.6103515625
5	85	210.0903320313	0.6103515625
5	86	368.3331298828	0.6103515625
5	87	834.1552734375	0.6103515625
5	88	-1093.4936523438	0.6103515625
5	89	-502.5311279297	0.6103515625
5	90	208.6114501953	0.6103515625
5	91	-390.0408935547	0.6103515625
5	92	61.7022705078	0.6103515625
5	93	0	0.6103515625
5	94	-243.046875	0.6103515625
5	95	456.5631103516	0.6103515625
5	96	-817.8283691406	0.6103515625
5	97	900.2868652344	0.6103515625
5	98	1070.5871582031	0.6103515625
5	99	1326.2878417969	0.6103515625
5	100	-74.267578125	0.6103515625
5	101	284.8822021484	0.6103515625
5	102	409.2169189453	0.6103515625
5	103	161.7858886719	0.6103515625
5	104	0	0.6103515625
5	105	1249.9938964844	0.6103515625
5	106	1242.1203613281	0.6103515625
5	107	38.3726196289	0.6103515625
5	108	707.8308105469	0.6103515625
5	109	270.7043457031	0.6103515625
5	110	-103.0133056641	0.6103515625
5	111	790.2893066406	0.6103515625
5	112	1219.3664550781	0.6103515625
5	113	971.533203125	0.6103515625
5	114	741.3391113281	0.6103515625
5	115	0	0.6103515625
5	116	0	0.6103515625
5	117	-45.0020751953	0.6103515625
5	118	703.1677246094	0.6103515625
5	119	-344.1131591797	0.6103515625
5	120	915.52734375	0.6103515625
5	121	0	0.6103515625
5	122	-318.3941650391	0.6103515625
5	123	-1622.3022460938	0.6103515625
5	124	-1100.8605957031	0.6103515625
5	125	-1062.8535827637	0.6103515625
5	126	0	0.6103515625
5	127	-67971.8017578125	0.6103515625
0	128	-391.2805175781	0.6103515625
0	129	119.6185302734	0.6103515625
0	130	-17.5626831055	0.6103515625
0	131	-1003.1677246094	0.6103515625
0	132	325.3485107422	0.6103515625
0	133	628.4545898438	0.6103515625
0	134	-835.3088378906	0.6103515625
0	135	-1020.0561523438	0.6103515625
0	136	607.2790527344	0.6103515625
0	137	-1001.0681152344	0.6103515625
0	138	-359.0161132813	0.6103515625
0	139	258.1640625	0.6103515625
0	140	744.5495605469	0.6103515625
0	141	419.9920654297	0.6103515625
0	142	635.1928710938	0.6103515625
0	143	0	0.6103515625
0	144	341.0620117188	0.6103515625
0	145	1142.8527832031	0.6103515625
0	146	-389.7674560547	0.6103515625
0	147	166.1273193359	0.6103515625
0	148	52.0275878906	0.6103515625
0	149	807.9406738281	0.6103515625
0	150	-185.1812744141	0.6103515625
0	151	-488.2775878906	0.6103515625
0	152	-372.9858398438	0.6103515625
0	153	-502.0941162109	0.6103515625
0	154	818.7377929688	0.6103515625
0	155	-97.8021240234	0.6103515625
0	156	-476.4276123047	0.6103515625
0	157	561.8841552734	0.6103515625
0	158	515.8349609375	0.6103515625
0	159	-392.0184326172	0.6103515625
0	160	-83.2855224609	0.6103515625
0	161	-412.7905273438	0.6103515625
0	162	-581.9348144531	0.6103515625
0	163	-292.7239990234	0.6103515625
0	164	488.2122802734	0.6103515625
0	165	-114.4409179688	0.6103515625
0	166	-719.9768066406	0.6103515625
0	167	737.6281738281	0.6103515625
0	168	1080.95703125	0.6103515625
0	169	369.453125	0.6103515625
0	170	-168.8311767578	0.6103515625
0	171	-887.7746582031	0.6103515625
0	172	-258.1414794922	0.6103515625
0	173	1072.8271484375	0.6103515625
0	174	0	0.6103515625
0	175	-544.6203613281	0.6103515625
0	176	-213.4625244141	0.6103515625
0	177	-350.6652832031	0.6103515625
0	178	-178.8909912109	0.6103515625
0	179	663.1591796875	0.6103515625
0	180	-128.0908203125	0.6103515625
0	181	419.2901611328	0.6103515625
0	182	580.947265625	0.6103515625
0	183	30.2420043945	0.6103515625
0	184	566.4392089844	0.6103515625
0	185	590.8117675781	0.6103515625
0	186	416.8475341797	0.6103515625
0	187	-106.8078613281	0.6103515625
0	188	-786.9018554688	0.6103515625
0	189	-716.0522460938	0.6103515625
0	190	0	0.6103515625
0	191	-347.047857666	0.6103515625
0	192	0	0.6103515625
0	193	0	0.6103515625
0	194	-642.5140808105	0.6103515625
0	195	-1726.3366699219	0.6103515625
0	196	-2016.9921875	0.6103515625
0	197	791.5588378906	0.6103515625
0	198	-1861.2854003906	0.6103515625
0	199	-1049.560546875	0.6103515625
0	200	-825.4760742188	0.6103515625
0	201	-592.6306152344	0.6103515625
0	202	-641.2170410156	0.6103515625
0	203	-1076.7761230469	0.6103515625
0	204	-476.2139892578	0.6103515625
0	205	-290.185546875	0.6103515625
0	206	-610.498046875	0.6103515625
0	207	-1645.2941894531	0.6103515625
0	208	564.9505615234	0.6103515625
0	209	-1199.0844726563	0.6103515625
0	210	-1238.9038085938	0.6103515625
0	211	41.7172851563	0.6103515625
0	212	382.0172119141	0.6103515625
0	213	-669.7998046875	0.6103515625
0	214	757.2082519531	0.6103515625
0	215	-1048.583984375	0.6103515625
0	216	160.2722167969	0.6103515625
0	217	488.7744140625	0.6103515625
0	218	-129.7723388672	0.6103515625
0	219	176.4367675781	0.6103515625
0	220	297.0538330078	0.6103515625
0	221	123.2775878906	0.6103515625
0	222	-946.7163085938	0.6103515625
0	223	-423.2531738281	0.6103515625
0	224	98.5290527344	0.6103515625
0	225	-1649.4873046875	0.6103515625
0	226	-896.0815429688	0.6103515625
0	227	-638.6413574219	0.6103515625
0	228	-1664.7216796875	0.6103515625
0	229	-337.0318603516	0.6103515625
0	230	-1237.0239257813	0.6103515625
0	231	-404.3377685547	0.6103515625
0	232	-27.0147094727	0.6103515625
0	233	73.5115661621	0.6103515625
0	234	-1112.7812255859	0.6103515625
0	235	-1313.9038085938	0.6103515625
0	236	-1911.7553710938	0.6103515625
0	237	510.8776855469	0.6103515625
0	238	-2194.43359375	0.6103515625
0	239	576.5997314453	0.6103515625
0	240	0	0.6103515625
0	241	-736.8896484375	0.6103515625
0	242	-424.1314697266	0.6103515625
0	243	612.3474121094	0.6103515625
0	244	563.8800048828	0.6103515625
0	245	137.1453857422	0.6103515625
0	246	553.8995361328	0.6103515625
0	247	-921.8322753906	0.6103515625
0	248	123.0847167969	0.6103515625
0	249	434.4061279297	0.6103515625
0	250	-828.7841796875	0.6103515625
0	251	-352.8723144531	0.6103515625
0	252	-1068.3044433594	0.6103515625
0	253	-24.5455322266	0.6103515625
0	254	-1394.6166992188	0.6103515625
0	255	-3407.7962219238	0.6103515625
1	128	-2442.1142578125	0.6103515625
1	129	-878.564453125	0.6103515625
1	130	162.2985839844	0.6103515625
1	131	-835.4736328125	0.6103515625
1	132	0	0.6103515625
1	133	100.2362060547	0.6103515625
1	134	-1145.2392578125	0.6103515625
1	135	-2205.9936523438	0.6103515625
1	136	-2026.9287109375	0.6103515625
1	137	-550.9643554688	0.6103515625
1	138	345.5767822266	0.6103515625
1	139	-1152.8198242188	0.6103515625
1	140	125.830078125	0.6103515625
1	141	-854.7119140625	0.6103515625
1	142	-2420.1843261719	0.6103515625
1	143	0	0.6103515625
1	144	-141.6741943359	0.6103515625
1	145	-694.6105957031	0.6103515625
1	146	256.5753173828	0.6103515625
1	147	-509.1839599609	0.6103515625
1	148	662.0788574219	0.6103515625
1	149	-434.9456787109	0.6103515625
1	150	0	0.6103515625
1	151	-216.5234375	0.6103515625
1	152	-177.6287841797	0.6103515625
1	153	111.9610595703	0.6103515625
1	154	-276.1511230469	0.6103515625
1	155	328.4429931641	0.6103515625
1	156	157.1197509766	0.6103515625
1	157	195.7104492188	0.6103515625
1	158	42.4046020508	0.6103515625
1	159	759.7351074219	0.6103515625
1	160	-245.5987548828	0.6103515625
1	161	-1602.685546875	0.6103515625
1	162	0	0.6103515625
1	163	-616.2780761719	0.6103515625
1	164	-861.8896484375	0.6103515625
1	165	326.7272949219	0.6103515625
1	166	-127.0013427734	0.6103515625
1	167	-1192.5720214844	0.6103515625
1	168	-688.8305664063	0.6103515625
1	169	-1970.0256347656	0.6103515625
1	170	406.4501953125	0.6103515625
1	171	-174.5257568359	0.6103515625
1	172	-1435.7177734375	0.6103515625
1	173	-1172.7661132813	0.6103515625
1	174	0	0.6103515625
1	175	-836.9506835938	0.6103515625
1	176	445.8740234375	0.6103515625
1	177	41.8853759766	0.6103515625
1	178	-1117.6818847656	0.6103515625
1	179	1451.4404296875	0.6103515625
1	180	53.7515258789	0.6103515625
1	181	811.3586425781	0.6103515625
1	182	-8.4285888672	0.6103515625
1	183	59.1284179688	0.6103515625
1	184	751.9897460938	0.6103515625
1	185	-99.0905761719	0.6103515625
1	186	347.2344970703	0.6103515625
1	187	-13.9237060547	0.6103515625
1	188	801.3854980469	0.6103515625
1	189	333.0987548828	0.6103515625
1	190	0	0.6103515625
1	191	-1629.0427429199	0.6103515625
1	192	-748.3215332031	0.6103515625
1	193	0	0.6103515625
1	194	-4.4765319824	0.6103515625
1	195	-643.2067871094	0.6103515625
1	196	-1066.8640136719	0.6103515625
1	197	-52.8212280273	0.6103515625
1	198	226.1187744141	0.6103515625
1	199	-359.7600646973	0.6103515625
1	200	-105.6524658203	0.6103515625
1	201	-126.1218261719	0.6103515625
1	202	225.1409912109	0.6103515625
1	203	391.4239501953	0.6103515625
1	204	-54.4119873047	0.6103515625
1	205	-1507.2204589844	0.6103515625
1	206	-349.8297119141	0.6103515625
1	207	-332.7624511719	0.6103515625
1	208	-387.0092773438	0.6103515625
1	209	0	0.6103515625
1	210	350.3619384766	0.6103515625
1	211	-12.1359863281	0.6103515625
1	212	-281.0784912109	0.6103515625
1	213	806.4086914063	0.6103515625
1	214	-1578.6499023438	0.6103515625
1	215	-1130.8654785156	0.6103515625
1	216	296.5447998047	0.6103515625
1	217	397.0288085938	0.6103515625
1	218	-959.3017578125	0.6103515625
1	219	-321.7852783203	0.6103515625
1	220	-765.9729003906	0.6103515625
1	221	264.6264648438	0.6103515625
1	222	-1552.6306152344	0.6103515625
1	223	-145.9674072266	0.6103515625
1	224	-835.888671875	0.6103515625
1	225	-297.4212646484	0.6103515625
1	226	-714.1479492188	0.6103515625
1	227	-57.5946655273	0.6103515625
1	228	1018.5607910156	0.6103515625
1	229	18.6727294922	0.6103515625
1	230	-803.80859375	0.6103515625
1	231	204.1436767578	0.6103515625
1	232	313.095703125	0.6103515625
1	233	690.8264160156	0.6103515625
1	234	-1205.6945800781	0.6103515625
1	235	195.2032470703	0.6103515625
1	236	123.8934326172	0.6103515625
1	237	-849.5788574219	0.6103515625
1	238	-377.1826171875	0.6103515625
1	239	717.0227050781	0.6103515625
1	240	0	0.6103515625
1	241	-1398.5107421875	0.6103515625
1	242	1254.9560546875	0.6103515625
1	243	-116.8334960938	0.6103515625
1	244	94.2828369141	0.6103515625
1	245	-494.9011230469	0.6103515625
1	246	874.3896484375	0.6103515625
1	247	163.5357666016	0.6103515625
1	248	589.0142822266	0.6103515625
1	249	-180.9924316406	0.6103515625
1	250	298.2647705078	0.6103515625
1	251	762.2436523438	0.6103515625
1	252	75.0622558594	0.6103515625
1	253	218.5913085938	0.6103515625
1	254	-85.8813476563	0.6103515625
1	255	-997.1343505859	0.6103515625
2	128	-677.0812988281	0.6103515625
2	129	-60.4641723633	0.6103515625
2	130	75.0030517578	0.6103515625
2	131	-199.8547363281	0.6103515625
2	132	-543.9605712891	0.6103515625
2	133	-428.6456298828	0.6103515625
2	134	-183.9184570313	0.6103515625
2	135	-751.4465332031	0.6103515625
2	136	-519.8858642578	0.6103515625
2	137	133.6584472656	0.6103515625
2	138	455.5242919922	0.6103515625
2	139	-267.3193359375	0.6103515625
2	140	-1074.4689941406	0.6103515625
2	141	527.7081298828	0.6103515625
2	142	-52.0834350586	0.6103515625
2	143	656.8664550781	0.6103515625
2	144	697.0947265625	0.6103515625
2	145	-136.1846923828	0.6103515625
2	146	-1244.0368652344	0.6103515625
2	147	-298.2806396484	0.6103515625
2	148	-1037.1398925781	0.6103515625
2	149	-42.6862792969	0.6103515625
2	150	-1383.1665039063	0.6103515625
2	151	-902.8198242188	0.6103515625
2	152	-892.5659179688	0.6103515625
2	153	-1444.4885253906	0.6103515625
2	154	484.7320556641	0.6103515625
2	155	-236.0717773438	0.6103515625
2	156	-88.3166503906	0.6103515625
2	157	-260.1959228516	0.6103515625
2	158	133.2702636719	0.6103515625
2	159	120.2923583984	0.6103515625
2	160	-688.4094238281	0.6103515625
2	161	-514.5544433594	0.6103515625
2	162	-572.2808837891	0.6103515625
2	163	-57.0026855469	0.6103515625
2	164	-906.2255859375	0.6103515625
2	165	-575.3924560547	0.6103515625
2	166	-1172.9675292969	0.6103515625
2	167	-1014.990234375	0.6103515625
2	168	-45.7971801758	0.6103515625
2	169	-1513.9892578125	0.6103515625
2	170	858.0505371094	0.6103515625
2	171	-589.5959472656	0.6103515625
2	172	-1474.6337890625	0.6103515625
2	173	-297.5872802734	0.6103515625
2	174	-1148.9929199219	0.6103515625
2	175	338.2238769531	0.6103515625
2	176	-1032.177734375	0.6103515625
2	177	-450.9112548828	0.6103515625
2	178	-672.8942871094	0.6103515625
2	179	-328.5931396484	0.6103515625
2	180	-790.7836914063	0.6103515625
2	181	442.3504638672	0.6103515625
2	182	-895.6420898438	0.6103515625
2	183	-449.0130615234	0.6103515625
2	184	-70.9771728516	0.6103515625
2	185	-634.6374511719	0.6103515625
2	186	-532.7917480469	0.6103515625
2	187	-610.2313232422	0.6103515625
2	188	-586.2066650391	0.6103515625
2	189	-202.8308105469	0.6103515625
2	190	0	0.6103515625
2	191	-1254.9926757813	0.6103515625
2	192	-121.016583252	0.6103515625
2	193	0	0.6103515625
2	194	-446.7791748047	0.6103515625
2	195	997.3815917969	0.6103515625
2	196	347.2424316406	0.6103515625
2	197	-986.3098144531	0.6103515625
2	198	171.0333251953	0.6103515625
2	199	866.2536621094	0.6103515625
2	200	286.5374755859	0.6103515625
2	201	-293.5107421875	0.6103515625
2	202	357.79296875	0.6103515625
2	203	-635.2478027344	0.6103515625
2	204	99.9847412109	0.6103515625
2	205	372.5122070313	0.6103515625
2	206	-180.52734375	0.6103515625
2	207	-293.0023193359	0.6103515625
2	208	-610.4797363281	0.6103515625
2	209	597.0159912109	0.6103515625
2	210	-398.3862304688	0.6103515625
2	211	-114.6606445313	0.6103515625
2	212	-423.4796142578	0.6103515625
2	213	616.7785644531	0.6103515625
2	214	-98.8006591797	0.6103515625
2	215	-410.1922607422	0.6103515625
2	216	-343.2849121094	0.6103515625
2	217	414.3896484375	0.6103515625
2	218	193.6236572266	0.6103515625
2	219	-1366.0461425781	0.6103515625
2	220	-371.50390625	0.6103515625
2	221	-2039.9780273438	0.6103515625
2	222	1229.6447753906	0.6103515625
2	223	371.7413330078	0.6103515625
2	224	136.8341064453	0.6103515625
2	225	-174.8870849609	0.6103515625
2	226	187.2955322266	0.6103515625
2	227	-466.8243408203	0.6103515625
2	228	161.30859375	0.6103515625
2	229	174.3212890625	0.6103515625
2	230	-42.8193359375	0.6103515625
2	231	-118.7701416016	0.6103515625
2	232	-487.5164794922	0.6103515625
2	233	-443.9392089844	0.6103515625
2	234	-193.1079101563	0.6103515625
2	235	206.6735839844	0.6103515625
2	236	-496.4099121094	0.6103515625
2	237	382.0764160156	0.6103515625
2	238	-995.2087402344	0.6103515625
2	239	-193.6883544922	0.6103515625
2	240	0	0.6103515625
2	241	975.8483886719	0.6103515625
2	242	780.7556152344	0.6103515625
2	243	76.4050292969	0.6103515625
2	244	-686.7797851563	0.6103515625
2	245	-527.2546386719	0.6103515625
2	246	254.2572021484	0.6103515625
2	247	-270.6793212891	0.6103515625
2	248	-340.9771728516	0.6103515625
2	249	-381.3928222656	0.6103515625
2	250	930.8898925781	0.6103515625
2	251	1291.8212890625	0.6103515625
2	252	25.9174804688	0.6103515625
2	253	821.8200683594	0.6103515625
2	254	-66.3751220703	0.6103515625
2	255	-409.4763671875	0.6103515625
3	128	-356.07421875	0.6103515625
3	129	-130.6811523438	0.6103515625
3	130	-134.8645019531	0.6103515625
3	131	155.7305908203	0.6103515625
3	132	-1305.6945800781	0.6103515625
3	133	-555.5627441406	0.6103515625
3	134	294.4342041016	0.6103515625
3	135	566.0272216797	0.6103515625
3	136	43.0211181641	0.6103515625
3	137	-243.1463623047	0.6103515625
3	138	-98.6334228516	0.6103515625
3	139	-317.3596191406	0.6103515625
3	140	-21.0141601563	0.6103515625
3	141	-589.5062255859	0.6103515625
3	142	-360.8630371094	0.6103515625
3	143	-1692.2790527344	0.6103515625
3	144	263.4326171875	0.6103515625
3	145	283.4222412109	0.6103515625
3	146	-625.9887695313	0.6103515625
3	147	194.5379638672	0.6103515625
3	148	-519.4372558594	0.6103515625
3	149	869.8547363281	0.6103515625
3	150	-12.6732177734	0.6103515625
3	151	-222.3321533203	0.6103515625
3	152	-391.3995361328	0.6103515625
3	153	377.8637695313	0.6103515625
3	154	1061.4501953125	0.6103515625
3	155	428.3306884766	0.6103515625
3	156	0	0.6103515625
3	157	1171.1730957031	0.6103515625
3	158	374.6575927734	0.6103515625
3	159	569.3634033203	0.6103515625
3	160	-290.5706787109	0.6103515625
3	161	-519.2395019531	0.6103515625
3	162	152.7313232422	0.6103515625
3	163	22.8903198242	0.6103515625
3	164	-567.3980712891	0.6103515625
3	165	316.1730957031	0.6103515625
3	166	-250.7543945313	0.6103515625
3	167	-1298.4924316406	0.6103515625
3	168	178.9953613281	0.6103515625
3	169	180.5346679688	0.6103515625
3	170	988.4948730469	0.6103515625
3	171	-5.3409729004	0.6103515625
3	172	309.0081787109	0.6103515625
3	173	48.6897583008	0.6103515625
3	174	140.6896972656	0.6103515625
3	175	-364.7509765625	0.6103515625
3	176	161.1633300781	0.6103515625
3	177	777.6062011719	0.6103515625
3	178	-1009.3139648438	0.6103515625
3	179	-512.9516601563	0.6103515625
3	180	-346.3812255859	0.6103515625
3	181	-103.9324951172	0.6103515625
3	182	-72.6080322266	0.6103515625
3	183	-877.34375	0.6103515625
3	184	341.46484375	0.6103515625
3	185	-790.0817871094	0.6103515625
3	186	-62.1044921875	0.6103515625
3	187	-380.7904052734	0.6103515625
3	188	-526.6516113281	0.6103515625
3	189	863.3056640625	0.6103515625
3	190	0	0.6103515625
3	191	72.9364013672	0.6103515625
3	192	-1751.4647644043	0.6103515625
3	193	0	0.6103515625
3	194	571.4715576172	0.6103515625
3	195	847.2900390625	0.6103515625
3	196	-1836.2121582031	0.6103515625
3	197	418.955078125	0.6103515625
3	198	126.0113525391	0.6103515625
3	199	-1040.6982421875	0.6103515625
3	200	-669.4030761719	0.6103515625
3	201	-630.3100585938	0.6103515625
3	202	-303.3203125	0.6103515625
3	203	-182.3211669922	0.6103515625
3	204	412.7423095703	0.6103515625
3	205	-257.9760742188	0.6103515625
3	206	-652.1606445313	0.6103515625
3	207	693.1701660156	0.6103515625
3	208	1079.8522949219	0.6103515625
3	209	-238.2604980469	0.6103515625
3	210	290.6341552734	0.6103515625
3	211	938.0676269531	0.6103515625
3	212	503.6749267578	0.6103515625
3	213	37.0489501953	0.6103515625
3	214	-1823.2299804688	0.6103515625
3	215	-862.0544433594	0.6103515625
3	216	689.0014648438	0.6103515625
3	217	69.4274902344	0.6103515625
3	218	688.2202148438	0.6103515625
3	219	-424.5178222656	0.6103515625
3	220	-663.8427734375	0.6103515625
3	221	420.8868408203	0.6103515625
3	222	-515.4766845703	0.6103515625
3	223	-640.478515625	0.6103515625
3	224	-633.154296875	0.6103515625
3	225	-227.8375244141	0.6103515625
3	226	53.2885131836	0.6103515625
3	227	118.1982421875	0.6103515625
3	228	139.8950195313	0.6103515625
3	229	-1025.2563476563	0.6103515625
3	230	165.3625488281	0.6103515625
3	231	-213.2098388672	0.6103515625
3	232	55.4578857422	0.6103515625
3	233	142.6989746094	0.6103515625
3	234	526.689453125	0.6103515625
3	235	-243.5198974609	0.6103515625
3	236	-240.1519775391	0.6103515625
3	237	134.150390625	0.6103515625
3	238	-99.4946289063	0.6103515625
3	239	-864.0441894531	0.6103515625
3	240	0	0.6103515625
3	241	-410.7232666016	0.6103515625
3	242	572.1154785156	0.6103515625
3	243	-444.3908691406	0.6103515625
3	244	331.4532470703	0.6103515625
3	245	-19.3182373047	0.6103515625
3	246	-619.0856933594	0.6103515625
3	247	188.5229492188	0.6103515625
3	248	-1312.8234863281	0.6103515625
3	249	414.4952392578	0.6103515625
3	250	451.0430908203	0.6103515625
3	251	-609.1333007813	0.6103515625
3	252	737.2009277344	0.6103515625
3	253	994.9157714844	0.6103515625
3	254	-692.3875610352	0.6103515625
3	255	-364.3846801758	0.6103515625
4	128	318.2934570313	0.6103515625
4	129	-236.9177246094	0.6103515625
4	130	-275.2758789063	0.6103515625
4	131	141.1047363281	0.6103515625
4	132	318.6236572266	0.6103515625
4	133	312.5946044922	0.6103515625
4	134	956.1950683594	0.6103515625
4	135	128.2098388672	0.6103515625
4	136	148.0456542969	0.6103515625
4	137	-503.193359375	0.6103515625
4	138	-918.701171875	0.6103515625
4	139	-449.2279052734	0.6103515625
4	140	347.3638916016	0.6103515625
4	141	-470.1440429688	0.6103515625
4	142	177.1148681641	0.6103515625
4	143	21.3969726563	0.6103515625
4	144	-211.5545654297	0.6103515625
4	145	434.7583007813	0.6103515625
4	146	-793.9147949219	0.6103515625
4	147	-848.8525390625	0.6103515625
4	148	-1248.3520507813	0.6103515625
4	149	-1379.4494628906	0.6103515625
4	150	400.3887939453	0.6103515625
4	151	-561.8371582031	0.6103515625
4	152	-727.4780273438	0.6103515625
4	153	-1164.1723632813	0.6103515625
4	154	-1169.8974609375	0.6103515625
4	155	-491.5600585938	0.6103515625
4	156	-363.3813476563	0.6103515625
4	157	-235.5218505859	0.6103515625
4	158	-664.111328125	0.6103515625
4	159	-1042.7551269531	0.6103515625
4	160	407.4407958984	0.6103515625
4	161	-212.4774169922	0.6103515625
4	162	-1084.3078613281	0.6103515625
4	163	81.9891357422	0.6103515625
4	164	-567.4176025391	0.6103515625
4	165	-892.2790527344	0.6103515625
4	166	-1004.6203613281	0.6103515625
4	167	-18.7267456055	0.6103515625
4	168	-488.8702392578	0.6103515625
4	169	-577.3510742188	0.6103515625
4	170	-232.6519775391	0.6103515625
4	171	-784.7534179688	0.6103515625
4	172	-413.5711669922	0.6103515625
4	173	-598.0657958984	0.6103515625
4	174	-728.0822753906	0.6103515625
4	175	-179.755859375	0.6103515625
4	176	-1191.0705566406	0.6103515625
4	177	-105.4949951172	0.6103515625
4	178	-318.0328369141	0.6103515625
4	179	-817.3645019531	0.6103515625
4	180	-203.8854980469	0.6103515625
4	181	-183.5943603516	0.6103515625
4	182	62.2058105469	0.6103515625
4	183	-248.2189941406	0.6103515625
4	184	-460.4931640625	0.6103515625
4	185	-315.6951904297	0.6103515625
4	186	169.5532226563	0.6103515625
4	187	-634.1491699219	0.6103515625
4	188	-97.6684570313	0.6103515625
4	189	-421.4904785156	0.6103515625
4	190	109.7912597656	0.6103515625
4	191	-2111.2854003906	0.6103515625
4	192	-1106.6364135742	0.6103515625
4	193	0	0.6103515625
4	194	474.7515869141	0.6103515625
4	195	-162.6159667969	0.6103515625
4	196	-274.9420166016	0.6103515625
4	197	-1020.166015625	0.6103515625
4	198	-624.4445800781	0.6103515625
4	199	159.9340820313	0.6103515625
4	200	183.4967041016	0.6103515625
4	201	-736.3525390625	0.6103515625
4	202	263.3477783203	0.6103515625
4	203	364.12109375	0.6103515625
4	204	-559.4982910156	0.6103515625
4	205	-256.3580322266	0.6103515625
4	206	-459.3975830078	0.6103515625
4	207	221.7297363281	0.6103515625
4	208	-71.8090820313	0.6103515625
4	209	218.0975341797	0.6103515625
4	210	177.5274658203	0.6103515625
4	211	6.4898681641	0.6103515625
4	212	-1997.3999023438	0.6103515625
4	213	-662.5366210938	0.6103515625
4	214	-1293.8537597656	0.6103515625
4	215	-565.6951904297	0.6103515625
4	216	-1099.6337890625	0.6103515625
4	217	-1042.0654296875	0.6103515625
4	218	118.4130859375	0.6103515625
4	219	317.5610351563	0.6103515625
4	220	-835.9130859375	0.6103515625
4	221	-644.3786621094	0.6103515625
4	222	285.2056884766	0.6103515625
4	223	-463.0963134766	0.6103515625
4	224	-210.7104492188	0.6103515625
4	225	-712.8967285156	0.6103515625
4	226	-499.6166992188	0.6103515625
4	227	526.7108154297	0.6103515625
4	228	-829.5532226563	0.6103515625
4	229	-297.5024414063	0.6103515625
4	230	48.0022583008	0.6103515625
4	231	-453.1115722656	0.6103515625
4	232	272.4530029297	0.6103515625
4	233	-609.6691894531	0.6103515625
4	234	-528.1494140625	0.6103515625
4	235	-2158.59375	0.6103515625
4	236	-366.1645507813	0.6103515625
4	237	-228.203125	0.6103515625
4	238	-768.0847167969	0.6103515625
4	239	-265.6439208984	0.6103515625
4	240	0	0.6103515625
4	241	326.5631103516	0.6103515625
4	242	-282.12890625	0.6103515625
4	243	-1084.8083496094	0.6103515625
4	244	358.0535888672	0.6103515625
4	245	-297.5024414063	0.6103515625
4	246	-593.6810302734	0.6103515625
4	247	-1697.1923828125	0.6103515625
4	248	-164.3835449219	0.6103515625
4	249	-968.4326171875	0.6103515625
4	250	-859.08203125	0.6103515625
4	251	-222.6861572266	0.6103515625
4	252	-1073.7487792969	0.6103515625
4	253	-669.5068359375	0.6103515625
4	254	-510.9918212891	0.6103515625
4	255	-1104.4840881348	0.6103515625
5	128	-764.0258789063	0.6103515625
5	129	51.8200073242	0.6103515625
5	130	-397.2894287109	0.6103515625
5	131	-222.1704101563	0.6103515625
5	132	78.8104248047	0.6103515625
5	133	-72.2479248047	0.6103515625
5	134	-295.4248046875	0.6103515625
5	135	97.1252441406	0.6103515625
5	136	-827.0324707031	0.6103515625
5	137	-520.9167480469	0.6103515625
5	138	-211.0546875	0.6103515625
5	139	-408.1982421875	0.6103515625
5	140	54.5497436523	0.6103515625
5	141	705.7800292969	0.6103515625
5	142	-686.3830566406	0.6103515625
5	143	-631.6284179688	0.6103515625
5	144	629.8583984375	0.6103515625
5	145	-1343.310546875	0.6103515625
5	146	651.8005371094	0.6103515625
5	147	578.6120605469	0.6103515625
5	148	-214.0228271484	0.6103515625
5	149	-111.4862060547	0.6103515625
5	150	-586.9812011719	0.6103515625
5	151	-662.4938964844	0.6103515625
5	152	175.5657958984	0.6103515625
5	153	-714.9536132813	0.6103515625
5	154	-503.212890625	0.6103515625
5	155	-1527.05078125	0.6103515625
5	156	-349.5330810547	0.6103515625
5	157	-464.5861816406	0.6103515625
5	158	-332.7520751953	0.6103515625
5	159	84.6826171875	0.6103515625
5	160	115.1452636719	0.6103515625
5	161	-295.1495361328	0.6103515625
5	162	193.2763671875	0.6103515625
5	163	-402.4462890625	0.6103515625
5	164	-581.7333984375	0.6103515625
5	165	985.3515625	0.6103515625
5	166	-476.435546875	0.6103515625
5	167	1361.7736816406	0.6103515625
5	168	-71.7846679688	0.6103515625
5	169	627.4841308594	0.6103515625
5	170	176.1065673828	0.6103515625
5	171	-84.8663330078	0.6103515625
5	172	-282.7203369141	0.6103515625
5	173	421.6125488281	0.6103515625
5	174	787.4816894531	0.6103515625
5	175	342.2003173828	0.6103515625
5	176	-57.5341796875	0.6103515625
5	177	12.4251708984	0.6103515625
5	178	314.2462158203	0.6103515625
5	179	-466.8347167969	0.6103515625
5	180	-342.2644042969	0.6103515625
5	181	231.50390625	0.6103515625
5	182	151.9573974609	0.6103515625
5	183	-1438.18359375	0.6103515625
5	184	-443.7622070313	0.6103515625
5	185	90.6750488281	0.6103515625
5	186	686.1694335938	0.6103515625
5	187	164.8504638672	0.6103515625
5	188	-641.2231445313	0.6103515625
5	189	18.6607666016	0.6103515625
5	190	0	0.6103515625
5	191	691.7297363281	0.6103515625
5	192	0	0.6103515625
5	193	0	0.6103515625
5	194	-1221.3134765625	0.6103515625
5	195	-303.3020019531	0.6103515625
5	196	-691.7602539063	0.6103515625
5	197	-308.7249755859	0.6103515625
5	198	-291.3751220703	0.6103515625
5	199	429.7338867188	0.6103515625
5	200	-574.1284179688	0.6103515625
5	201	167.5769042969	0.6103515625
5	202	-30.4840087891	0.6103515625
5	203	-612.6647949219	0.6103515625
5	204	-195.0762939453	0.6103515625
5	205	-1426.8493652344	0.6103515625
5	206	9.78515625	0.6103515625
5	207	-212.6104736328	0.6103515625
5	208	-901.7211914063	0.6103515625
5	209	2.4172851563	0.6103515625
5	210	-1000.8666992188	0.6103515625
5	211	-96.2255859375	0.6103515625
5	212	322.7966308594	0.6103515625
5	213	-1112.4267578125	0.6103515625
5	214	173.6676025391	0.6103515625
5	215	520.7720947266	0.6103515625
5	216	1165.625	0.6103515625
5	217	1501.0192871094	0.6103515625
5	218	-166.7254638672	0.6103515625
5	219	-834.9060058594	0.6103515625
5	220	-1064.5690917969	0.6103515625
5	221	974.1394042969	0.6103515625
5	222	-335.7263183594	0.6103515625
5	223	24.5994262695	0.6103515625
5	224	247.9522705078	0.6103515625
5	225	-337.6647949219	0.6103515625
5	226	347.1752929688	0.6103515625
5	227	127.6922607422	0.6103515625
5	228	-381.708984375	0.6103515625
5	229	1342.8588867188	0.6103515625
5	230	-949.3713378906	0.6103515625
5	231	158.6669921875	0.6103515625
5	232	-64.1284179688	0.6103515625
5	233	-1283.4899902344	0.6103515625
5	234	-601.7852783203	0.6103515625
5	235	236.4672851563	0.6103515625
5	236	-1336.9995117188	0.6103515625
5	237	602.8546142578	0.6103515625
5	238	336.4190673828	0.6103515625
5	239	-448.2495117188	0.6103515625
5	240	0	0.6103515625
5	241	-26.8923339844	0.6103515625
5	242	6.9885864258	0.6103515625
5	243	498.6846923828	0.6103515625
5	244	-86.9274902344	0.6103515625
5	245	-344.90234375	0.6103515625
5	246	339.1815185547	0.6103515625
5	247	344.2547607422	0.6103515625
5	248	-694.7937011719	0.6103515625
5	249	106.3482666016	0.6103515625
5	250	1249.31640625	0.6103515625
5	251	139.2407226563	0.6103515625
5	252	91.4129638672	0.6103515625
5	253	1325.732421875	0.6103515625
5	254	656.0607910156	0.6103515625
5	255	539.2568725586	0.6103515625

