0	0	0	0.6103515625
0	1	0	0.6103515625
0	2	75.8111572266	0.6103515625
0	3	91.6064453125	0.6103515625
0	4	-7.5367431641	0.6103515625
0	5	83.7561035156	0.6103515625
0	6	21.0012207031	0.6103515625
0	7	-71.6473388672	0.6103515625
0	8	36.8369750977	0.6103515625
0	9	-21.164855957	0.6103515625
0	10	121.0797119141	0.6103515625
0	11	-9.2967529297	0.6103515625
0	12	60.3905639648	0.6103515625
0	13	146.9104003906	0.6103515625
0	14	-107.2723388672	0.6103515625
0	15	32.9235229492	0.6103515625
0	16	77.2210693359	0.6103515625
0	17	-3.5000610352	0.6103515625
0	18	130.8850097656	0.6103515625
0	19	-4.120715332	0.6103515625
0	20	28.3004760742	0.6103515625
0	21	24.3504638672	0.6103515625
0	22	225.8679199219	0.6103515625
0	23	74.5703125	0.6103515625
0	24	40.8481445313	0.6103515625
0	25	63.9489746094	0.6103515625
0	26	63.4649658203	0.6103515625
0	27	-72.4987792969	0.6103515625
0	28	-33.5084228516	0.6103515625
0	29	64.4030761719	0.6103515625
0	30	34.4174804688	0.6103515625
0	31	54.7893066406	0.6103515625
0	32	174.3688964844	0.6103515625
0	33	-26.9369506836	0.6103515625
0	34	11.3427124023	0.6103515625
0	35	167.8894042969	0.6103515625
0	36	66.1663818359	0.6103515625
0	37	43.1312255859	0.6103515625
0	38	197.6409912109	0.6103515625
0	39	95.2520751953	0.6103515625
0	40	145.1782226563	0.6103515625
0	41	5.0003051758	0.6103515625
0	42	84.3804931641	0.6103515625
0	43	56.8310546875	0.6103515625
0	44	83.7829589844	0.6103515625
0	45	-15.9733276367	0.6103515625
0	46	72.2351074219	0.6103515625
0	47	-9.2891845703	0.6103515625
0	48	141.1193847656	0.6103515625
0	49	14.3235473633	0.6103515625
0	50	-34.873046875	0.6103515625
0	51	33.3578491211	0.6103515625
0	52	-53.8949584961	0.6103515625
0	53	-41.4489135742	0.6103515625
0	54	66.0388183594	0.6103515625
0	55	-39.5218505859	0.6103515625
0	56	-78.2037353516	0.6103515625
0	57	-36.3203735352	0.6103515625
0	58	-66.9476318359	0.6103515625
0	59	9.753112793	0.6103515625
0	60	111.8493652344	0.6103515625
0	61	-8.5653076172	0.6103515625
0	62	-14.7692260742	0.6103515625
0	63	-108.4112548828	0.6103515625
0	64	171.3055419922	0.6103515625
0	65	169.9444580078	0.6103515625
0	66	43.0395507813	0.6103515625
0	67	-117.6556396484	0.6103515625
0	68	-115.7940673828	0.6103515625
0	69	43.7647094727	0.6103515625
0	70	13.2233886719	0.6103515625
0	71	-72.2296142578	0.6103515625
0	72	75.8020019531	0.6103515625
0	73	-15.0783691406	0.6103515625
0	74	68.7426757813	0.6103515625
0	75	42.2801513672	0.6103515625
0	76	51.1958618164	0.6103515625
0	77	-9.1395263672	0.6103515625
0	78	8.0317382813	0.6103515625
0	79	-14.6566162109	0.6103515625
0	80	57.3978881836	0.6103515625
0	81	41.1793212891	0.6103515625
0	82	56.7380371094	0.6103515625
0	83	-130.6622314453	0.6103515625
0	84	117.8137207031	0.6103515625
0	85	-45.4470825195	0.6103515625
0	86	37.2684936523	0.6103515625
0	87	34.1051025391	0.6103515625
0	88	21.4243774414	0.6103515625
0	89	44.6807250977	0.6103515625
0	90	134.2535400391	0.6103515625
0	91	64.404296875	0.6103515625
0	92	49.7530517578	0.6103515625
0	93	41.5824584961	0.6103515625
0	94	115.9429931641	0.6103515625
0	95	81.8835449219	0.6103515625
0	96	150.6469726563	0.6103515625
0	97	88.0596923828	0.6103515625
0	98	-85.0573730469	0.6103515625
0	99	-28.6762695313	0.6103515625
0	100	140.3790283203	0.6103515625
0	101	-18.3109130859	0.6103515625
0	102	52.0939941406	0.6103515625
0	103	-38.1869506836	0.6103515625
0	104	44.2993164063	0.6103515625
0	105	-40.4417724609	0.6103515625
0	106	182.8485107422	0.6103515625
0	107	-29.5505371094	0.6103515625
0	108	43.4606933594	0.6103515625
0	109	-42.2464599609	0.6103515625
0	110	-1.5881652832	0.6103515625
0	111	51.2197265625	0.6103515625
0	112	72.6324462891	0.6103515625
0	113	38.2041015625	0.6103515625
0	114	-6.7072753906	0.6103515625
0	115	10.7700805664	0.6103515625
0	116	79.3450927734	0.6103515625
0	117	109.2236328125	0.6103515625
0	118	43.5901489258	0.6103515625
0	119	158.0059814453	0.6103515625
0	120	52.9646606445	0.6103515625
0	121	157.7447509766	0.6103515625
0	122	139.86328125	0.6103515625
0	123	40.6851196289	0.6103515625
0	124	-75.1123046875	0.6103515625
0	125	49.8768920898	0.6103515625
0	126	567.6098632813	0.6103515625
0	127	0	0.6103515625
1	0	0	0.6103515625
1	1	743.6279296875	0.6103515625
1	2	35.3387451172	0.6103515625
1	3	73.3276367188	0.6103515625
1	4	-33.0153808594	0.6103515625
1	5	106.8023681641	0.6103515625
1	6	-74.0863037109	0.6103515625
1	7	14.0136108398	0.6103515625
1	8	220.1403808594	0.6103515625
1	9	-14.7135009766	0.6103515625
1	10	-136.0668945313	0.6103515625
1	11	31.5406494141	0.6103515625
1	12	56.5404663086	0.6103515625
1	13	90.8013916016	0.6103515625
1	14	189.2102050781	0.6103515625
1	15	90.9405517578	0.6103515625
1	16	55.4587402344	0.6103515625
1	17	226.5942382813	0.6103515625
1	18	18.3665771484	0.6103515625
1	19	41.6072387695	0.6103515625
1	20	157.1667480469	0.6103515625
1	21	134.9597167969	0.6103515625
1	22	-20.6972045898	0.6103515625
1	23	99.9401855469	0.6103515625
1	24	22.6405639648	0.6103515625
1	25	32.9532470703	0.6103515625
1	26	71.2756347656	0.6103515625
1	27	79.8175048828	0.6103515625
1	28	87.1795654297	0.6103515625
1	29	171.8444824219	0.6103515625
1	30	142.3663330078	0.6103515625
1	31	45.6179199219	0.6103515625
1	32	69.1369628906	0.6103515625
1	33	34.408996582	0.6103515625
1	34	142.8161621094	0.6103515625
1	35	137.0745849609	0.6103515625
1	36	79.1180419922	0.6103515625
1	37	80.1611328125	0.6103515625
1	38	52.7844848633	0.6103515625
1	39	138.2586669922	0.6103515625
1	40	90.7202148438	0.6103515625
1	41	178.5333251953	0.6103515625
1	42	52.2330932617	0.6103515625
1	43	31.625	0.6103515625
1	44	16.8041992188	0.6103515625
1	45	5.4094543457	0.6103515625
1	46	94.6527099609	0.6103515625
1	47	82.2595214844	0.6103515625
1	48	88.6444091797	0.6103515625
1	49	-57.6031494141	0.6103515625
1	50	103.8800048828	0.6103515625
1	51	45.3067626953	0.6103515625
1	52	-6.9889526367	0.6103515625
1	53	-41.2366943359	0.6103515625
1	54	0	0.6103515625
1	55	-25.5459594727	0.6103515625
1	56	62.5347900391	0.6103515625
1	57	-18.4769287109	0.6103515625
1	58	-9.6774291992	0.6103515625
1	59	-30.4413452148	0.6103515625
1	60	-7.2899780273	0.6103515625
1	61	57.9315795898	0.6103515625
1	62	-7.1270141602	0.6103515625
1	63	108.8629150391	0.6103515625
1	64	0	0.6103515625
1	65	0	0.6103515625
1	66	0	0.6103515625
1	67	-13.2407836914	0.6103515625
1	68	236.8853759766	0.6103515625
1	69	2.0389099121	0.6103515625
1	70	61.5472412109	0.6103515625
1	71	55.889465332	0.6103515625
1	72	163.759765625	0.6103515625
1	73	107.8009033203	0.6103515625
1	74	174.2340087891	0.6103515625
1	75	77.7935791016	0.6103515625
1	76	-33.0600585938	0.6103515625
1	77	240.6280517578	0.6103515625
1	78	5.437109375	0.6103515625
1	79	0	0.6103515625
1	80	-9.8526611328	0.6103515625
1	81	-26.2616577148	0.6103515625
1	82	90.0158691406	0.6103515625
1	83	81.4068603516	0.6103515625
1	84	5.7420776367	0.6103515625
1	85	73.5412597656	0.6103515625
1	86	-17.3302612305	0.6103515625
1	87	39.921875	0.6103515625
1	88	40.5520629883	0.6103515625
1	89	15.2896728516	0.6103515625
1	90	-78.3630371094	0.6103515625
1	91	-5.2983459473	0.6103515625
1	92	-1.6505432129	0.6103515625
1	93	116.5319824219	0.6103515625
1	94	73.7017822266	0.6103515625
1	95	92.0086669922	0.6103515625
1	96	51.8641357422	0.6103515625
1	97	81.2615966797	0.6103515625
1	98	37.0348510742	0.6103515625
1	99	56.1168823242	0.6103515625
1	100	56.5263671875	0.6103515625
1	101	-3.5180175781	0.6103515625
1	102	147.4462890625	0.6103515625
1	103	52.6128540039	0.6103515625
1	104	18.3826293945	0.6103515625
1	105	-5.6591247559	0.6103515625
1	106	-67.6416015625	0.6103515625
1	107	0	0.6103515625
1	108	37.0941772461	0.6103515625
1	109	-67.0086669922	0.6103515625
1	110	-90.5517578125	0.6103515625
1	111	33.1929321289	0.6103515625
1	112	137.3718261719	0.6103515625
1	113	136.1151123047	0.6103515625
1	114	-188.8745117188	0.6103515625
1	115	9.1901855469	0.6103515625
1	116	-43.3363647461	0.6103515625
1	117	18.2239379883	0.6103515625
1	118	-167.5897216797	0.6103515625
1	119	-116.4001464844	0.6103515625
1	120	-16.4127807617	0.6103515625
1	121	-29.7794189453	0.6103515625
1	122	90.9716796875	0.6103515625
1	123	-40.6098022461	0.6103515625
1	124	-19.0427856445	0.6103515625
1	125	35.4597167969	0.6103515625
1	126	670.166015625	0.6103515625
1	127	0	0.6103515625
2	0	0	0.6103515625
2	1	0	0.6103515625
2	2	349.6350097656	0.6103515625
2	3	80.185546875	0.6103515625
2	4	-27.6597900391	0.6103515625
2	5	59.1888427734	0.6103515625
2	6	111.7126464844	0.6103515625
2	7	39.5744018555	0.6103515625
2	8	63.2409667969	0.6103515625
2	9	43.7145385742	0.6103515625
2	10	69.6685791016	0.6103515625
2	11	-37.7562255859	0.6103515625
2	12	24.1153564453	0.6103515625
2	13	58.5528564453	0.6103515625
2	14	85.6732177734	0.6103515625
2	15	81.8176269531	0.6103515625
2	16	28.4895019531	0.6103515625
2	17	-1.0750793457	0.6103515625
2	18	153.6474609375	0.6103515625
2	19	82.8570556641	0.6103515625
2	20	102.5140380859	0.6103515625
2	21	105.7476806641	0.6103515625
2	22	77.7301025391	0.6103515625
2	23	70.3204345703	0.6103515625
2	24	39.7471313477	0.6103515625
2	25	110.1550292969	0.6103515625
2	26	19.5028076172	0.6103515625
2	27	74.51171875	0.6103515625
2	28	117.4078369141	0.6103515625
2	29	146.81640625	0.6103515625
2	30	29.3286132813	0.6103515625
2	31	70.7672119141	0.6103515625
2	32	15.5946044922	0.6103515625
2	33	164.0368652344	0.6103515625
2	34	192.7276611328	0.6103515625
2	35	153.9654541016	0.6103515625
2	36	125.8532714844	0.6103515625
2	37	64.1479492188	0.6103515625
2	38	-78.6877441406	0.6103515625
2	39	114.9047851563	0.6103515625
2	40	30.7808837891	0.6103515625
2	41	-13.0570068359	0.6103515625
2	42	178.6779785156	0.6103515625
2	43	-20.119934082	0.6103515625
2	44	122.8875732422	0.6103515625
2	45	-17.8319091797	0.6103515625
2	46	73.2647705078	0.6103515625
2	47	-7.8242797852	0.6103515625
2	48	83.8934326172	0.6103515625
2	49	-2.0413574219	0.6103515625
2	50	71.1303710938	0.6103515625
2	51	-20.8773193359	0.6103515625
2	52	-79.3383789063	0.6103515625
2	53	101.0510253906	0.6103515625
2	54	-57.4950561523	0.6103515625
2	55	72.4230957031	0.6103515625
2	56	77.8051757813	0.6103515625
2	57	-14.039855957	0.6103515625
2	58	-16.2861328125	0.6103515625
2	59	48.5936889648	0.6103515625
2	60	-97.2125244141	0.6103515625
2	61	78.4692382813	0.6103515625
2	62	78.0993652344	0.6103515625
2	63	71.2066650391	0.6103515625
2	64	120.1147460938	0.6103515625
2	65	136.1724853516	0.6103515625
2	66	117.5030517578	0.6103515625
2	67	140.8544921875	0.6103515625
2	68	16.3671875	0.6103515625
2	69	-86.1907958984	0.6103515625
2	70	101.0620117188	0.6103515625
2	71	103.5375976563	0.6103515625
2	72	67.2277832031	0.6103515625
2	73	-74.5306396484	0.6103515625
2	74	60.2989501953	0.6103515625
2	75	79.8986816406	0.6103515625
2	76	20.8978881836	0.6103515625
2	77	-63.7847900391	0.6103515625
2	78	-42.4200439453	0.6103515625
2	79	-163.8934326172	0.6103515625
2	80	-34.7617797852	0.6103515625
2	81	-56.8034057617	0.6103515625
2	82	81.0095214844	0.6103515625
2	83	31.7349243164	0.6103515625
2	84	15.048828125	0.6103515625
2	85	-86.5490722656	0.6103515625
2	86	-21.6969604492	0.6103515625
2	87	-264.9835205078	0.6103515625
2	88	-101.982421875	0.6103515625
2	89	121.5423583984	0.6103515625
2	90	1.2440795898	0.6103515625
2	91	86.1212158203	0.6103515625
2	92	-43.0782470703	0.6103515625
2	93	-63.3282470703	0.6103515625
2	94	90.5047607422	0.6103515625
2	95	0.1795629883	0.6103515625
2	96	-46.1139526367	0.6103515625
2	97	9.9620361328	0.6103515625
2	98	-24.3873291016	0.6103515625
2	99	31.182800293	0.6103515625
2	100	-25.1164550781	0.6103515625
2	101	-185.8819580078	0.6103515625
2	102	15.1694946289	0.6103515625
2	103	-126.2554931641	0.6103515625
2	104	-130.654296875	0.6103515625
2	105	-75.1251220703	0.6103515625
2	106	-7.549987793	0.6103515625
2	107	-3.7737304688	0.6103515625
2	108	-46.3845214844	0.6103515625
2	109	-27.6510620117	0.6103515625
2	110	-194.0411376953	0.6103515625
2	111	4.5622253418	0.6103515625
2	112	72.5738525391	0.6103515625
2	113	-112.2320556641	0.6103515625
2	114	83.2659912109	0.6103515625
2	115	-82.3510742188	0.6103515625
2	116	127.5280761719	0.6103515625
2	117	108.6370849609	0.6103515625
2	118	162.1966552734	0.6103515625
2	119	187.8845214844	0.6103515625
2	120	101.0919189453	0.6103515625
2	121	71.9769287109	0.6103515625
2	122	91.7236328125	0.6103515625
2	123	165.5297851563	0.6103515625
2	124	50.8896484375	0.6103515625
2	125	93.9068603516	0.6103515625
2	126	1864.013671875	0.6103515625
2	127	0	0.6103515625
3	0	0	0.6103515625
3	1	0	0.6103515625
3	2	67.1166992188	0.6103515625
3	3	133.1463623047	0.6103515625
3	4	-39.3682250977	0.6103515625
3	5	132.1881103516	0.6103515625
3	6	7.4906616211	0.6103515625
3	7	7.1577758789	0.6103515625
3	8	34.3804931641	0.6103515625
3	9	-15.9103393555	0.6103515625
3	10	60.4166259766	0.6103515625
3	11	77.6690673828	0.6103515625
3	12	26.4709472656	0.6103515625
3	13	-60.1263427734	0.6103515625
3	14	-9.0894775391	0.6103515625
3	15	-44.9839477539	0.6103515625
3	16	30.3297729492	0.6103515625
3	17	212.1282958984	0.6103515625
3	18	-29.457824707	0.6103515625
3	19	15.2947998047	0.6103515625
3	20	107.4084472656	0.6103515625
3	21	75.5554199219	0.6103515625
3	22	32.9130249023	0.6103515625
3	23	13.8923339844	0.6103515625
3	24	30.3435058594	0.6103515625
3	25	-115.0457763672	0.6103515625
3	26	43.9508666992	0.6103515625
3	27	68.8409423828	0.6103515625
3	28	10.4463500977	0.6103515625
3	29	105.4846191406	0.6103515625
3	30	-26.7850341797	0.6103515625
3	31	80.8984375	0.6103515625
3	32	44.9602661133	0.6103515625
3	33	57.5554199219	0.6103515625
3	34	24.3349609375	0.6103515625
3	35	26.2096557617	0.6103515625
3	36	-13.117980957	0.6103515625
3	37	117.6513671875	0.6103515625
3	38	49.1390991211	0.6103515625
3	39	-37.2644042969	0.6103515625
3	40	101.6162109375	0.6103515625
3	41	38.7451782227	0.6103515625
3	42	55.6122436523	0.6103515625
3	43	-9.598815918	0.6103515625
3	44	103.0413818359	0.6103515625
3	45	33.3665161133	0.6103515625
3	46	133.0255126953	0.6103515625
3	47	190.8343505859	0.6103515625
3	48	-10.7565307617	0.6103515625
3	49	-89.2156982422	0.6103515625
3	50	-120.5938720703	0.6103515625
3	51	50.6173095703	0.6103515625
3	52	-13.1278686523	0.6103515625
3	53	-64.58984375	0.6103515625
3	54	-120.3277587891	0.6103515625
3	55	-98.2830810547	0.6103515625
3	56	-128.5906982422	0.6103515625
3	57	-133.7426757813	0.6103515625
3	58	-87.2607421875	0.6103515625
3	59	-159.3078613281	0.6103515625
3	60	-35.7362670898	0.6103515625
3	61	-125.1947021484	0.6103515625
3	62	24.9953613281	0.6103515625
3	63	-172.3822021484	0.6103515625
3	64	79.8083496094	0.6103515625
3	65	-54.4126586914	0.6103515625
3	66	-39.202331543	0.6103515625
3	67	-19.4470825195	0.6103515625
3	68	31.8988037109	0.6103515625
3	69	147.1740722656	0.6103515625
3	70	120.9716796875	0.6103515625
3	71	92.8967285156	0.6103515625
3	72	-5.5913024902	0.6103515625
3	73	117.6293945313	0.6103515625
3	74	-0.7601196289	0.6103515625
3	75	10.0733032227	0.6103515625
3	76	87.1459960938	0.6103515625
3	77	-23.6721801758	0.6103515625
3	78	57.1506958008	0.6103515625
3	79	126.3916015625	0.6103515625
3	80	10.2372436523	0.6103515625
3	81	16.4318237305	0.6103515625
3	82	-6.2985839844	0.6103515625
3	83	-69.3572998047	0.6103515625
3	84	181.9396972656	0.6103515625
3	85	24.0783691406	0.6103515625
3	86	149.1711425781	0.6103515625
3	87	73.4051513672	0.6103515625
3	88	-47.8791503906	0.6103515625
3	89	81.0223388672	0.6103515625
3	90	51.3671875	0.6103515625
3	91	-12.6477050781	0.6103515625
3	92	-78.4869384766	0.6103515625
3	93	176.8988037109	0.6103515625
3	94	36.4966430664	0.6103515625
3	95	35.1526489258	0.6103515625
3	96	102.8070068359	0.6103515625
3	97	108.4045410156	0.6103515625
3	98	-106.3708496094	0.6103515625
3	99	-158.6083984375	0.6103515625
3	100	21.5448608398	0.6103515625
3	101	-29.1197509766	0.6103515625
3	102	14.7053833008	0.6103515625
3	103	-105.712890625	0.6103515625
3	104	6.5451660156	0.6103515625
3	105	-46.8485717773	0.6103515625
3	106	-24.7467651367	0.6103515625
3	107	75.4144287109	0.6103515625
3	108	-0.9104614258	0.6103515625
3	109	-135.1635742188	0.6103515625
3	110	-73.4429931641	0.6103515625
3	111	64.4116210938	0.6103515625
3	112	84.9676513672	0.6103515625
3	113	-74.7747802734	0.6103515625
3	114	-84.7491455078	0.6103515625
3	115	80.5950927734	0.6103515625
3	116	63.1378173828	0.6103515625
3	117	5.2770812988	0.6103515625
3	118	212.8161621094	0.6103515625
3	119	-52.0473632813	0.6103515625
3	120	122.1197509766	0.6103515625
3	121	106.9561767578	0.6103515625
3	122	24.9004516602	0.6103515625
3	123	105.1995849609	0.6103515625
3	124	177.0489501953	0.6103515625
3	125	-3.9233032227	0.6103515625
3	126	1240.1062011719	0.6103515625
3	127	0	0.6103515625
4	0	0	0.6103515625
4	1	1753.5888671875	0.6103515625
4	2	0	0.6103515625
4	3	0	0.6103515625
4	4	0	0.6103515625
4	5	0	0.6103515625
4	6	110.7409667969	0.6103515625
4	7	82.2808837891	0.6103515625
4	8	145.1831054688	0.6103515625
4	9	195.5914306641	0.6103515625
4	10	188.9520263672	0.6103515625
4	11	0	0.6103515625
4	12	0	0.6103515625
4	13	0	0.6103515625
4	14	0	0.6103515625
4	15	0	0.6103515625
4	16	0	0.6103515625
4	17	-1.4119445801	0.6103515625
4	18	26.5317382813	0.6103515625
4	19	64.2376708984	0.6103515625
4	20	100.4052734375	0.6103515625
4	21	76.2774658203	0.6103515625
4	22	47.7985839844	0.6103515625
4	23	128.69140625	0.6103515625
4	24	16.8336791992	0.6103515625
4	25	70.2746582031	0.6103515625
4	26	77.8283691406	0.6103515625
4	27	-24.1267700195	0.6103515625
4	28	-97.080078125	0.6103515625
4	29	11.102355957	0.6103515625
4	30	48.6602172852	0.6103515625
4	31	-65.9228515625	0.6103515625
4	32	65.4638671875	0.6103515625
4	33	2.2066345215	0.6103515625
4	34	-8.9943847656	0.6103515625
4	35	-25.6893310547	0.6103515625
4	36	18.7521362305	0.6103515625
4	37	53.2779541016	0.6103515625
4	38	-47.2106933594	0.6103515625
4	39	15.3928222656	0.6103515625
4	40	15.647277832	0.6103515625
4	41	-0.9716125488	0.6103515625
4	42	80.4248046875	0.6103515625
4	43	-7.8594970703	0.6103515625
4	44	-83.4899902344	0.6103515625
4	45	87.8363037109	0.6103515625
4	46	-52.4647827148	0.6103515625
4	47	-114.189453125	0.6103515625
4	48	-82.6226806641	0.6103515625
4	49	19.8701171875	0.6103515625
4	50	19.9287719727	0.6103515625
4	51	-21.7119750977	0.6103515625
4	52	54.6591796875	0.6103515625
4	53	90.3582763672	0.6103515625
4	54	-28.4111938477	0.6103515625
4	55	64.8120117188	0.6103515625
4	56	96.8212890625	0.6103515625
4	57	31.2626342773	0.6103515625
4	58	7.632019043	0.6103515625
4	59	4.2077392578	0.6103515625
4	60	119.3927001953	0.6103515625
4	61	-9.5986328125	0.6103515625
4	62	97.0910644531	0.6103515625
4	63	-91.328125	0.6103515625
4	64	148.8696289063	0.6103515625
4	65	79.541015625	0.6103515625
4	66	51.2725219727	0.6103515625
4	67	3.1391296387	0.6103515625
4	68	-85.7586669922	0.6103515625
4	69	-22.8494262695	0.6103515625
4	70	195.2886962891	0.6103515625
4	71	48.9116821289	0.6103515625
4	72	-36.7653198242	0.6103515625
4	73	4.6693786621	0.6103515625
4	74	-80.3863525391	0.6103515625
4	75	28.2811279297	0.6103515625
4	76	31.4450683594	0.6103515625
4	77	9.6842041016	0.6103515625
4	78	-97.1600341797	0.6103515625
4	79	36.4002685547	0.6103515625
4	80	-41.9712524414	0.6103515625
4	81	-127.20703125	0.6103515625
4	82	-3.8117797852	0.6103515625
4	83	-12.9362792969	0.6103515625
4	84	18.9151000977	0.6103515625
4	85	-79.6514892578	0.6103515625
4	86	-68.2043457031	0.6103515625
4	87	7.9337768555	0.6103515625
4	88	82.4859619141	0.6103515625
4	89	-71.3940429688	0.6103515625
4	90	-64.6057128906	0.6103515625
4	91	-26.4764404297	0.6103515625
4	92	-72.197265625	0.6103515625
4	93	86.1328125	0.6103515625
4	94	-14.5274047852	0.6103515625
4	95	57.917175293	0.6103515625
4	96	-198.6810302734	0.6103515625
4	97	34.1083984375	0.6103515625
4	98	148.6956787109	0.6103515625
4	99	119.4598388672	0.6103515625
4	100	-35.7827148438	0.6103515625
4	101	187.8869628906	0.6103515625
4	102	26.8900756836	0.6103515625
4	103	73.7890625	0.6103515625
4	104	58.6519775391	0.6103515625
4	105	126.5948486328	0.6103515625
4	106	97.8607177734	0.6103515625
4	107	-74.9102783203	0.6103515625
4	108	112.2662353516	0.6103515625
4	109	-4.1136047363	0.6103515625
4	110	84.7552490234	0.6103515625
4	111	160.7238769531	0.6103515625
4	112	126.1376953125	0.6103515625
4	113	136.6156005859	0.6103515625
4	114	97.9064941406	0.6103515625
4	115	81.1407470703	0.6103515625
4	116	146.1926269531	0.6103515625
4	117	-15.6865234375	0.6103515625
4	118	-79.2706298828	0.6103515625
4	119	-73.3557128906	0.6103515625
4	120	43.5529174805	0.6103515625
4	121	-108.3093261719	0.6103515625
4	122	21.8995361328	0.6103515625
4	123	1.2320678711	0.6103515625
4	124	104.3505859375	0.6103515625
4	125	0	0.6103515625
4	126	0	0.6103515625
4	127	0	0.6103515625
5	0	0	0.6103515625
5	1	0	0.6103515625
5	2	0	0.6103515625
5	3	102.8942871094	0.6103515625
5	4	213.0810546875	0.6103515625
5	5	137.2308349609	0.6103515625
5	6	15.6706542969	0.6103515625
5	7	-0.0233948364	0.6103515625
5	8	167.8253173828	0.6103515625
5	9	42.4229125977	0.6103515625
5	10	-77.0050048828	0.6103515625
5	11	4.2400268555	0.6103515625
5	12	-5.6858093262	0.6103515625
5	13	96.7706298828	0.6103515625
5	14	132.0062255859	0.6103515625
5	15	165.8715820313	0.6103515625
5	16	-128.2580566406	0.6103515625
5	17	-17.8905029297	0.6103515625
5	18	131.7468261719	0.6103515625
5	19	178.3306884766	0.6103515625
5	20	55.5634155273	0.6103515625
5	21	52.4943847656	0.6103515625
5	22	158.2788085938	0.6103515625
5	23	-7.1065063477	0.6103515625
5	24	78.06640625	0.6103515625
5	25	89.1314697266	0.6103515625
5	26	161.9494628906	0.6103515625
5	27	160.546875	0.6103515625
5	28	153.1585693359	0.6103515625
5	29	70.654296875	0.6103515625
5	30	203.6633300781	0.6103515625
5	31	-22.4326782227	0.6103515625
5	32	8.176574707	0.6103515625
5	33	32.184753418	0.6103515625
5	34	259.0679931641	0.6103515625
5	35	19.1326293945	0.6103515625
5	36	23.6013183594	0.6103515625
5	37	-73.5876464844	0.6103515625
5	38	6.4918212891	0.6103515625
5	39	-29.7278442383	0.6103515625
5	40	-1.0944030762	0.6103515625
5	41	-116.4233398438	0.6103515625
5	42	60.2408447266	0.6103515625
5	43	36.4504394531	0.6103515625
5	44	-148.6212158203	0.6103515625
5	45	-53.6239624023	0.6103515625
5	46	9.5134887695	0.6103515625
5	47	-17.1047363281	0.6103515625
5	48	-21.5532836914	0.6103515625
5	49	-22.5076904297	0.6103515625
5	50	128.4545898438	0.6103515625
5	51	-50.876159668	0.6103515625
5	52	68.4600830078	0.6103515625
5	53	0	0.6103515625
5	54	-37.2174072266	0.6103515625
5	55	85.9124755859	0.6103515625
5	56	44.8603515625	0.6103515625
5	57	9.462890625	0.6103515625
5	58	236.5093994141	0.6103515625
5	59	-53.8311157227	0.6103515625
5	60	33.3446044922	0.6103515625
5	61	66.9573974609	0.6103515625
5	62	141.6735839844	0.6103515625
5	63	109.2010498047	0.6103515625
5	64	-103.3819580078	0.6103515625
5	65	81.8713378906	0.6103515625
5	66	108.9855957031	0.6103515625
5	67	-81.0040283203	0.6103515625
5	68	41.5830078125	0.6103515625
5	69	13.8752441406	0.6103515625
5	70	23.8990478516	0.6103515625
5	71	37.0050048828	0.6103515625
5	72	21.1287231445	0.6103515625
5	73	-14.4833984375	0.6103515625
5	74	-15.4696044922	0.6103515625
5	75	77.2247314453	0.6103515625
5	76	24.5793457031	0.6103515625
5	77	52.7767944336	0.6103515625
5	78	15.9392700195	0.6103515625
5	79	237.197265625	0.6103515625
5	80	46.2872314453	0.6103515625
5	81	133.7371826172	0.6103515625
5	82	-51.0190429688	0.6103515625
5	83	126.9079589844	0.6103515625
5	84	-21.8226928711	0.6103515625
5	85	-9.7462768555	0.6103515625
5	86	-61.4984130859	0.6103515625
5	87	-103.2482910156	0.6103515625
5	88	161.5106201172	0.6103515625
5	89	82.1807861328	0.6103515625
5	90	-8.6215820313	0.6103515625
5	91	108.9459228516	0.6103515625
5	92	37.7685546875	0.6103515625
5	93	-63.8891601563	0.6103515625
5	94	50.4925537109	0.6103515625
5	95	-50.4326171875	0.6103515625
5	96	131.6522216797	0.6103515625
5	97	-108.6114501953	0.6103515625
5	98	-149.5727539063	0.6103515625
5	99	-172.3028564453	0.6103515625
5	100	17.9174194336	0.6103515625
5	101	-44.5769042969	0.6103515625
5	102	-47.3887329102	0.6103515625
5	103	-69.7619628906	0.6103515625
5	104	-102.6977539063	0.6103515625
5	105	-169.6520996094	0.6103515625
5	106	-173.9239501953	0.6103515625
5	107	9.0520629883	0.6103515625
5	108	-90.2667236328	0.6103515625
5	109	-25.1123046875	0.6103515625
5	110	14.9685668945	0.6103515625
5	111	-92.6403808594	0.6103515625
5	112	0	0.6103515625
5	113	-119.1070556641	0.6103515625
5	114	-99.8919677734	0.6103515625
5	115	-125.1831054688	0.6103515625
5	116	-58.8864746094	0.6103515625
5	117	3.9396362305	0.6103515625
5	118	-29.7539672852	0.6103515625
5	119	56.9622192383	0.6103515625
5	120	-88.3215332031	0.6103515625
5	121	153.7921142578	0.6103515625
5	122	49.4505615234	0.6103515625
5	123	111.1926269531	0.6103515625
5	124	161.3958740234	0.6103515625
5	125	0	0.6103515625
5	126	2153.5583496094	0.6103515625
5	127	0	0.6103515625
0	128	62.9150390625	0.6103515625
0	129	-26.0491943359	0.6103515625
0	130	-2.1104492188	0.6103515625
0	131	146.0235595703	0.6103515625
0	132	-52.8199462891	0.6103515625
0	133	-104.9737548828	0.6103515625
0	134	132.8161621094	0.6103515625
0	135	182.8179931641	0.6103515625
0	136	-87.0343017578	0.6103515625
0	137	142.3931884766	0.6103515625
0	138	46.9287719727	0.6103515625
0	139	-44.1641845703	0.6103515625
0	140	-101.9653320313	0.6103515625
0	141	-67.7740478516	0.6103515625
0	142	-84.51171875	0.6103515625
0	143	5.2340026855	0.6103515625
0	144	-49.0721435547	0.6103515625
0	145	-178.4613037109	0.6103515625
0	146	46.7222900391	0.6103515625
0	147	-25.047668457	0.6103515625
0	148	-3.8815917969	0.6103515625
0	149	-126.1285400391	0.6103515625
0	150	18.4565429688	0.6103515625
0	151	71.0998535156	0.6103515625
0	152	56.1775512695	0.6103515625
0	153	68.2434082031	0.6103515625
0	154	-125.9521484375	0.6103515625
0	155	4.1760864258	0.6103515625
0	156	67.8454589844	0.6103515625
0	157	-85.4693603516	0.6103515625
0	158	-73.6401367188	0.6103515625
0	159	63.6877441406	0.6103515625
0	160	10.8541870117	0.6103515625
0	161	66.3879394531	0.6103515625
0	162	91.4086914063	0.6103515625
0	163	42.5103149414	0.6103515625
0	164	-68.4362792969	0.6103515625
0	165	11.6091308594	0.6103515625
0	166	94.2822265625	0.6103515625
0	167	-112.6745605469	0.6103515625
0	168	-167.8204345703	0.6103515625
0	169	-60.7331542969	0.6103515625
0	170	21.9374389648	0.6103515625
0	171	133.3782958984	0.6103515625
0	172	32.9254150391	0.6103515625
0	173	-157.4572753906	0.6103515625
0	174	-9.5511474609	0.6103515625
0	175	87.3266601563	0.6103515625
0	176	40.6399536133	0.6103515625
0	177	76.0681152344	0.6103515625
0	178	43.3603515625	0.6103515625
0	179	-125.6146240234	0.6103515625
0	180	23.701171875	0.6103515625
0	181	-61.1834716797	0.6103515625
0	182	-103.8354492188	0.6103515625
0	183	2.1885253906	0.6103515625
0	184	-108.779296875	0.6103515625
0	185	-78.5791015625	0.6103515625
0	186	-66.2847900391	0.6103515625
0	187	23.6546020508	0.6103515625
0	188	128.6676025391	0.6103515625
0	189	-109.4427490234	0.6103515625
0	190	0	0.6103515625
0	191	103.0773925781	0.6103515625
0	192	90.7623291016	0.6103515625
0	193	2231.0424804688	0.6103515625
0	194	102.4926757813	0.6103515625
0	195	90.5432128906	0.6103515625
0	196	137.7886962891	0.6103515625
0	197	-104.0887451172	0.6103515625
0	198	104.7943115234	0.6103515625
0	199	175.4602050781	0.6103515625
0	200	130.439453125	0.6103515625
0	201	88.2275390625	0.6103515625
0	202	85.3173828125	0.6103515625
0	203	146.9580078125	0.6103515625
0	204	92.0397949219	0.6103515625
0	205	57.7088012695	0.6103515625
0	206	119.2730712891	0.6103515625
0	207	266.7999267578	0.6103515625
0	208	-86.2445068359	0.6103515625
0	209	-963.134765625	0.6103515625
0	210	178.8287353516	0.6103515625
0	211	-6.4930419922	0.6103515625
0	212	-52.6983032227	0.6103515625
0	213	87.8723144531	0.6103515625
0	214	-122.3669433594	0.6103515625
0	215	155.9289550781	0.6103515625
0	216	-28.7855224609	0.6103515625
0	217	-67.6135253906	0.6103515625
0	218	16.1658325195	0.6103515625
0	219	-17.7811279297	0.6103515625
0	220	-37.4093017578	0.6103515625
0	221	2049.1027832031	0.6103515625
0	222	154.4616699219	0.6103515625
0	223	65.3051757813	0.6103515625
0	224	-13.5516357422	0.6103515625
0	225	231.6357421875	0.6103515625
0	226	125.9002685547	0.6103515625
0	227	89.2681884766	0.6103515625
0	228	89.9084472656	0.6103515625
0	229	51.7677001953	0.6103515625
0	230	179.9786376953	0.6103515625
0	231	65.1043701172	0.6103515625
0	232	7.765625	0.6103515625
0	233	-0.3190216064	0.6103515625
0	234	165.0512695313	0.6103515625
0	235	35.5593261719	0.6103515625
0	236	285.2465820313	0.6103515625
0	237	-62.8363037109	0.6103515625
0	238	157.3791503906	0.6103515625
0	239	-77.7471923828	0.6103515625
0	240	1910.6262207031	0.6103515625
0	241	102.6965332031	0.6103515625
0	242	66.6638183594	0.6103515625
0	243	-84.1723632813	0.6103515625
0	244	-96.2005615234	0.6103515625
0	245	-19.642578125	0.6103515625
0	246	-85.9057617188	0.6103515625
0	247	-45.7387695313	0.6103515625
0	248	-42.7329101563	0.6103515625
0	249	-57.7949829102	0.6103515625
0	250	-66.1712646484	0.6103515625
0	251	42.1577148438	0.6103515625
0	252	156.0131835938	0.6103515625
0	253	-1.560736084	0.6103515625
0	254	40.1924438477	0.6103515625
0	255	0	0.6103515625
1	128	50.7867431641	0.6103515625
1	129	172.8924560547	0.6103515625
1	130	-38.4053955078	0.6103515625
1	131	121.6979980469	0.6103515625
1	132	0	0.6103515625
1	133	-20.8102416992	0.6103515625
1	134	-18.2025146484	0.6103515625
1	135	161.3824462891	0.6103515625
1	136	124.0161132813	0.6103515625
1	137	94.5855712891	0.6103515625
1	138	-60.1749267578	0.6103515625
1	139	178.4753417969	0.6103515625
1	140	-9.5310668945	0.6103515625
1	141	137.2973632813	0.6103515625
1	142	211.5319824219	0.6103515625
1	143	2709.0148925781	0.6103515625
1	144	19.1617431641	0.6103515625
1	145	111.1083984375	0.6103515625
1	146	-35.6127319336	0.6103515625
1	147	82.9486083984	0.6103515625
1	148	-89.1821289063	0.6103515625
1	149	64.3011474609	0.6103515625
1	150	0	0.6103515625
1	151	26.048828125	0.6103515625
1	152	31.5323486328	0.6103515625
1	153	-5.1393188477	0.6103515625
1	154	51.0529785156	0.6103515625
1	155	-17.8658447266	0.6103515625
1	156	-77.8875732422	0.6103515625
1	157	-8.307434082	0.6103515625
1	158	10.6620483398	0.6103515625
1	159	-76.7858886719	0.6103515625
1	160	127.0147705078	0.6103515625
1	161	239.4702148438	0.6103515625
1	162	2014.0441894531	0.6103515625
1	163	98.7725830078	0.6103515625
1	164	146.34765625	0.6103515625
1	165	-38.59375	0.6103515625
1	166	22.0973510742	0.6103515625
1	167	94.6252441406	0.6103515625
1	168	115.3399658203	0.6103515625
1	169	169.3670654297	0.6103515625
1	170	-47.4771728516	0.6103515625
1	171	27.1893310547	0.6103515625
1	172	267.6983642578	0.6103515625
1	173	163.7573242188	0.6103515625
1	174	0	0.6103515625
1	175	144.9005126953	0.6103515625
1	176	-59.2047729492	0.6103515625
1	177	-14.5753173828	0.6103515625
1	178	164.5031738281	0.6103515625
1	179	-234.5599365234	0.6103515625
1	180	-13.3792114258	0.6103515625
1	181	-131.3153076172	0.6103515625
1	182	0.03927948	0.6103515625
1	183	-8.1658325195	0.6103515625
1	184	-129.2218017578	0.6103515625
1	185	10.6226196289	0.6103515625
1	186	-48.3073730469	0.6103515625
1	187	-5.3989013672	0.6103515625
1	188	-113.9794921875	0.6103515625
1	189	-50.4246826172	0.6103515625
1	190	2223.1262207031	0.6103515625
1	191	232.5958251953	0.6103515625
1	192	92.6794433594	0.6103515625
1	193	0	0.6103515625
1	194	-11.3247070313	0.6103515625
1	195	82.9656982422	0.6103515625
1	196	146.7395019531	0.6103515625
1	197	-3.8515991211	0.6103515625
1	198	-41.3185424805	0.6103515625
1	199	8.8159790039	0.6103515625
1	200	5.5239196777	0.6103515625
1	201	8.5390625	0.6103515625
1	202	-38.0369873047	0.6103515625
1	203	-81.6900634766	0.6103515625
1	204	8.6201171875	0.6103515625
1	205	210.3790283203	0.6103515625
1	206	55.5321044922	0.6103515625
1	207	59.8179931641	0.6103515625
1	208	62.3889160156	0.6103515625
1	209	0	0.6103515625
1	210	-51.6743774414	0.6103515625
1	211	14.3178100586	0.6103515625
1	212	65.0726318359	0.6103515625
1	213	-104.3786621094	0.6103515625
1	214	83.2232666016	0.6103515625
1	215	155.0646972656	0.6103515625
1	216	-38.0260009766	0.6103515625
1	217	-75.6964111328	0.6103515625
1	218	-21.6755371094	0.6103515625
1	219	48.7734375	0.6103515625
1	220	114.2816162109	0.6103515625
1	221	-44.2849731445	0.6103515625
1	222	223.0834960938	0.6103515625
1	223	55.9440917969	0.6103515625
1	224	143.0206298828	0.6103515625
1	225	42.3467407227	0.6103515625
1	226	123.8690185547	0.6103515625
1	227	33.3812866211	0.6103515625
1	228	-116.7590332031	0.6103515625
1	229	-5.1591308594	0.6103515625
1	230	107.705078125	0.6103515625
1	231	-33.305847168	0.6103515625
1	232	-41.1906738281	0.6103515625
1	233	-104.0631103516	0.6103515625
1	234	175.8923339844	0.6103515625
1	235	-27.3672485352	0.6103515625
1	236	-16.2447509766	0.6103515625
1	237	116.8096923828	0.6103515625
1	238	50.1053466797	0.6103515625
1	239	-113.5650634766	0.6103515625
1	240	2006.4025878906	0.6103515625
1	241	199.8889160156	0.6103515625
1	242	-202.0172119141	0.6103515625
1	243	13.5941162109	0.6103515625
1	244	-15.5645141602	0.6103515625
1	245	84.8876953125	0.6103515625
1	246	-143.8549804688	0.6103515625
1	247	-31.1776123047	0.6103515625
1	248	-81.1743164063	0.6103515625
1	249	32.2066040039	0.6103515625
1	250	-41.8876342773	0.6103515625
1	251	-112.9858398438	0.6103515625
1	252	-15.8420410156	0.6103515625
1	253	-41.4467163086	0.6103515625
1	254	15.4859619141	0.6103515625
1	255	213.4027099609	0.6103515625
2	128	135.6359863281	0.6103515625
2	129	12.438293457	0.6103515625
2	130	-19.1455688477	0.6103515625
2	131	29.5122070313	0.6103515625
2	132	75.3094482422	0.6103515625
2	133	56.1571044922	0.6103515625
2	134	33.4569091797	0.6103515625
2	135	123.2495117188	0.6103515625
2	136	76.7834472656	0.6103515625
2	137	-23.098449707	0.6103515625
2	138	-64.1497802734	0.6103515625
2	139	38.1497192383	0.6103515625
2	140	146.1968994141	0.6103515625
2	141	-83.9239501953	0.6103515625
2	142	10.1447753906	0.6103515625
2	143	-102.4353027344	0.6103515625
2	144	-98.7774658203	0.6103515625
2	145	21.3251953125	0.6103515625
2	146	172.2039794922	0.6103515625
2	147	38.1234130859	0.6103515625
2	148	143.3953857422	0.6103515625
2	149	3.4672119141	0.6103515625
2	150	185.0384521484	0.6103515625
2	151	143.9251708984	0.6103515625
2	152	153.6590576172	0.6103515625
2	153	209.9475097656	0.6103515625
2	154	-71.9482421875	0.6103515625
2	155	29.6473999023	0.6103515625
2	156	16.4976806641	0.6103515625
2	157	39.4146728516	0.6103515625
2	158	-17.9162597656	0.6103515625
2	159	-20.2020874023	0.6103515625
2	160	109.3304443359	0.6103515625
2	161	81.8786621094	0.6103515625
2	162	99.1534423828	0.6103515625
2	163	6.5084838867	0.6103515625
2	164	125.80078125	0.6103515625
2	165	90.2551269531	0.6103515625
2	166	169.6618652344	0.6103515625
2	167	143.4448242188	0.6103515625
2	168	4.6876708984	0.6103515625
2	169	245.9704589844	0.6103515625
2	170	-111.1242675781	0.6103515625
2	171	81.5124511719	0.6103515625
2	172	207.6251220703	0.6103515625
2	173	48.596862793	0.6103515625
2	174	155.8331298828	0.6103515625
2	175	-56.4299926758	0.6103515625
2	176	163.7640380859	0.6103515625
2	177	78.134765625	0.6103515625
2	178	111.46484375	0.6103515625
2	179	51.7393798828	0.6103515625
2	180	102.6373291016	0.6103515625
2	181	-73.6370849609	0.6103515625
2	182	127.3162841797	0.6103515625
2	183	66.9720458984	0.6103515625
2	184	-3.2910949707	0.6103515625
2	185	90.2203369141	0.6103515625
2	186	74.8388671875	0.6103515625
2	187	109.7973632813	0.6103515625
2	188	83.6114501953	0.6103515625
2	189	27.2084350586	0.6103515625
2	190	1558.5144042969	0.6103515625
2	191	189.70703125	0.6103515625
2	192	13.2293701172	0.6103515625
2	193	0	0.6103515625
2	194	95.3515625	0.6103515625
2	195	-133.9916992188	0.6103515625
2	196	-100.3179931641	0.6103515625
2	197	161.4031982422	0.6103515625
2	198	-27.9870605469	0.6103515625
2	199	-124.3835449219	0.6103515625
2	200	-51.8987426758	0.6103515625
2	201	52.952331543	0.6103515625
2	202	-58.4908447266	0.6103515625
2	203	102.7008056641	0.6103515625
2	204	-18.1427612305	0.6103515625
2	205	-39.1535644531	0.6103515625
2	206	43.4661865234	0.6103515625
2	207	57.514831543	0.6103515625
2	208	102.8338623047	0.6103515625
2	209	-98.2727050781	0.6103515625
2	210	83.6840820313	0.6103515625
2	211	28.7606201172	0.6103515625
2	212	78.7451171875	0.6103515625
2	213	-99.3786621094	0.6103515625
2	214	16.4223022461	0.6103515625
2	215	62.0275878906	0.6103515625
2	216	56.3973999023	0.6103515625
2	217	-72.4243164063	0.6103515625
2	218	-24.5648803711	0.6103515625
2	219	212.7655029297	0.6103515625
2	220	69.4561767578	0.6103515625
2	221	-5.5506774902	0.6103515625
2	222	-182.6379394531	0.6103515625
2	223	-51.7004394531	0.6103515625
2	224	-17.9516601563	0.6103515625
2	225	19.533996582	0.6103515625
2	226	-35.6116943359	0.6103515625
2	227	79.8266601563	0.6103515625
2	228	-29.3966064453	0.6103515625
2	229	-30.1520996094	0.6103515625
2	230	-3.5536865234	0.6103515625
2	231	17.4534912109	0.6103515625
2	232	76.3616943359	0.6103515625
2	233	75.4016113281	0.6103515625
2	234	32.4462280273	0.6103515625
2	235	-28.6721801758	0.6103515625
2	236	87.3419189453	0.6103515625
2	237	-69.5513916016	0.6103515625
2	238	151.5502929688	0.6103515625
2	239	44.0769042969	0.6103515625
2	240	1752.6123046875	0.6103515625
2	241	-154.6105957031	0.6103515625
2	242	-119.2730712891	0.6103515625
2	243	-24.115234375	0.6103515625
2	244	110.0805664063	0.6103515625
2	245	84.9810791016	0.6103515625
2	246	-37.1751708984	0.6103515625
2	247	45.2713623047	0.6103515625
2	248	57.4546508789	0.6103515625
2	249	62.4920654297	0.6103515625
2	250	-149.2901611328	0.6103515625
2	251	-186.1828613281	0.6103515625
2	252	-13.7327880859	0.6103515625
2	253	-129.2590332031	0.6103515625
2	254	10.2933959961	0.6103515625
2	255	718.2434082031	0.6103515625
3	128	73.6218261719	0.6103515625
3	129	32.5125732422	0.6103515625
3	130	29.8833007813	0.6103515625
3	131	-14.2620849609	0.6103515625
3	132	197.6300048828	0.6103515625
3	133	85.0103759766	0.6103515625
3	134	-57.8971557617	0.6103515625
3	135	-71.3043212891	0.6103515625
3	136	-9.615234375	0.6103515625
3	137	40.4136962891	0.6103515625
3	138	21.6985473633	0.6103515625
3	139	53.3836669922	0.6103515625
3	140	7.8532714844	0.6103515625
3	141	103.9807128906	0.6103515625
3	142	59.7219848633	0.6103515625
3	143	265.1458740234	0.6103515625
3	144	-41.49609375	0.6103515625
3	145	-40.8706665039	0.6103515625
3	146	92.8997802734	0.6103515625
3	147	-25.257019043	0.6103515625
3	148	70.9436035156	0.6103515625
3	149	-120.4815673828	0.6103515625
3	150	2.6453186035	0.6103515625
3	151	38.2061767578	0.6103515625
3	152	61.7077636719	0.6103515625
3	153	-46.4047241211	0.6103515625
3	154	-169.0948486328	0.6103515625
3	155	-38.2548217773	0.6103515625
3	156	93.6157226563	0.6103515625
3	157	-151.4599609375	0.6103515625
3	158	-48.7174682617	0.6103515625
3	159	-54.8339233398	0.6103515625
3	160	138.5736083984	0.6103515625
3	161	84.9151611328	0.6103515625
3	162	-22.7048950195	0.6103515625
3	163	9.2509765625	0.6103515625
3	164	99.0155029297	0.6103515625
3	165	-32.9492797852	0.6103515625
3	166	60.9702148438	0.6103515625
3	167	218.6334228516	0.6103515625
3	168	-10.9733886719	0.6103515625
3	169	-27.4262084961	0.6103515625
3	170	-124.5556640625	0.6103515625
3	171	9.9105224609	0.6103515625
3	172	-49.0473632813	0.6103515625
3	173	-6.9595947266	0.6103515625
3	174	-18.6007080078	0.6103515625
3	175	63.7939453125	0.6103515625
3	176	-17.3516845703	0.6103515625
3	177	-151.4471435547	0.6103515625
3	178	132.7551269531	0.6103515625
3	179	78.1915283203	0.6103515625
3	180	40.3550415039	0.6103515625
3	181	2.860760498	0.6103515625
3	182	3.8837768555	0.6103515625
3	183	123.9874267578	0.6103515625
3	184	-60.1503295898	0.6103515625
3	185	102.2650146484	0.6103515625
3	186	0.569987793	0.6103515625
3	187	49.7385253906	0.6103515625
3	188	64.6612548828	0.6103515625
3	189	-130.1574707031	0.6103515625
3	190	-29.879699707	0.6103515625
3	191	-13.6565551758	0.6103515625
3	192	231.4001464844	0.6103515625
3	193	1488.0676269531	0.6103515625
3	194	-83.7670898438	0.6103515625
3	195	-135.9399414063	0.6103515625
3	196	120.0891113281	0.6103515625
3	197	-62.7447509766	0.6103515625
3	198	-17.8421630859	0.6103515625
3	199	160.3289794922	0.6103515625
3	200	117.4328613281	0.6103515625
3	201	113.8031005859	0.6103515625
3	202	86.6625976563	0.6103515625
3	203	42.9306640625	0.6103515625
3	204	-53.3739624023	0.6103515625
3	205	44.563293457	0.6103515625
3	206	96.8597412109	0.6103515625
3	207	-101.6131591797	0.6103515625
3	208	-168.7701416016	0.6103515625
3	209	49.2243041992	0.6103515625
3	210	-44.2689819336	0.6103515625
3	211	-135.5108642578	0.6103515625
3	212	-71.5185546875	0.6103515625
3	213	-1.9457580566	0.6103515625
3	214	117.8405761719	0.6103515625
3	215	-52.6019287109	0.6103515625
3	216	-82.0764160156	0.6103515625
3	217	-11.8529663086	0.6103515625
3	218	-112.2729492188	0.6103515625
3	219	75.6262207031	0.6103515625
3	220	117.1948242188	0.6103515625
3	221	-45.1935424805	0.6103515625
3	222	87.0056152344	0.6103515625
3	223	111.25	0.6103515625
3	224	108.1719970703	0.6103515625
3	225	45.5424194336	0.6103515625
3	226	12.0150146484	0.6103515625
3	227	-25.6628417969	0.6103515625
3	228	-17.4399414063	0.6103515625
3	229	161.2512207031	0.6103515625
3	230	-24.9047851563	0.6103515625
3	231	45.3389282227	0.6103515625
3	232	-6.9411621094	0.6103515625
3	233	-10.9792480469	0.6103515625
3	234	-71.3171386719	0.6103515625
3	235	49.1150512695	0.6103515625
3	236	57.3214111328	0.6103515625
3	237	-36.4306030273	0.6103515625
3	238	33.4197387695	0.6103515625
3	239	137.2644042969	0.6103515625
3	240	0	0.6103515625
3	241	84.833984375	0.6103515625
3	242	-76.4587402344	0.6103515625
3	243	91.5643310547	0.6103515625
3	244	-49.9872436523	0.6103515625
3	245	14.3153686523	0.6103515625
3	246	119.5495605469	0.6103515625
3	247	-21.9932861328	0.6103515625
3	248	238.8940429688	0.6103515625
3	249	-52.9131469727	0.6103515625
3	250	-76.0125732422	0.6103515625
3	251	95.78125	0.6103515625
3	252	-127.5427246094	0.6103515625
3	253	-162.6824951172	0.6103515625
3	254	196.1688232422	0.6103515625
3	255	221.3195800781	0.6103515625
4	128	-80.4559326172	0.6103515625
4	129	58.2755737305	0.6103515625
4	130	57.4263916016	0.6103515625
4	131	-16.914855957	0.6103515625
4	132	-44.7681884766	0.6103515625
4	133	-48.2052612305	0.6103515625
4	134	-135.068359375	0.6103515625
4	135	-31.1325683594	0.6103515625
4	136	-16.2239379883	0.6103515625
4	137	83.9038085938	0.6103515625
4	138	130.8862304688	0.6103515625
4	139	71.1895751953	0.6103515625
4	140	-43.7958984375	0.6103515625
4	141	74.9987792969	0.6103515625
4	142	-19.9435424805	0.6103515625
4	143	1.5980712891	0.6103515625
4	144	33.1248168945	0.6103515625
4	145	-69.3939208984	0.6103515625
4	146	115.7861328125	0.6103515625
4	147	124.8773193359	0.6103515625
4	148	168.7664794922	0.6103515625
4	149	200.4962158203	0.6103515625
4	150	-54.7377319336	0.6103515625
4	151	88.7091064453	0.6103515625
4	152	121.6741943359	0.6103515625
4	153	172.8991699219	0.6103515625
4	154	178.8885498047	0.6103515625
4	155	81.7059326172	0.6103515625
4	156	55.1060180664	0.6103515625
4	157	37.5257568359	0.6103515625
4	158	95.7489013672	0.6103515625
4	159	148.4197998047	0.6103515625
4	160	-70.5816650391	0.6103515625
4	161	34.5034179688	0.6103515625
4	162	183.4887695313	0.6103515625
4	163	-19.5120239258	0.6103515625
4	164	88.6462402344	0.6103515625
4	165	149.0838623047	0.6103515625
4	166	139.052734375	0.6103515625
4	167	-1.3340209961	0.6103515625
4	168	70.5297851563	0.6103515625
4	169	88.8989257813	0.6103515625
4	170	30.7604980469	0.6103515625
4	171	115.6353759766	0.6103515625
4	172	52.9412231445	0.6103515625
4	173	96.1468505859	0.6103515625
4	174	101.4038085938	0.6103515625
4	175	28.0053710938	0.6103515625
4	176	197.587890625	0.6103515625
4	177	22.1611938477	0.6103515625
4	178	54.0081176758	0.6103515625
4	179	152.2491455078	0.6103515625
4	180	32.0786132813	0.6103515625
4	181	24.46875	0.6103515625
4	182	-11.0452880859	0.6103515625
4	183	43.457824707	0.6103515625
4	184	75.7946777344	0.6103515625
4	185	46.1628417969	0.6103515625
4	186	-26.3675537109	0.6103515625
4	187	118.6737060547	0.6103515625
4	188	21.7144165039	0.6103515625
4	189	72.9217529297	0.6103515625
4	190	1388.37890625	0.6103515625
4	191	-4.4118103027	0.6103515625
4	192	166.1206054688	0.6103515625
4	193	1384.8999023438	0.6103515625
4	194	-101.6052246094	0.6103515625
4	195	26.4403076172	0.6103515625
4	196	45.3143920898	0.6103515625
4	197	147.1270751953	0.6103515625
4	198	92.6153564453	0.6103515625
4	199	-28.5842895508	0.6103515625
4	200	-29.2127075195	0.6103515625
4	201	119.0362548828	0.6103515625
4	202	-34.6254272461	0.6103515625
4	203	-50.3238525391	0.6103515625
4	204	101.5557861328	0.6103515625
4	205	53.0166625977	0.6103515625
4	206	93.8336181641	0.6103515625
4	207	-26.2150878906	0.6103515625
4	208	9.3864135742	0.6103515625
4	209	-30.3747558594	0.6103515625
4	210	-20.0517578125	0.6103515625
4	211	-2.3425415039	0.6103515625
4	212	285.6732177734	0.6103515625
4	213	97.2442626953	0.6103515625
4	214	204.86328125	0.6103515625
4	215	78.5552978516	0.6103515625
4	216	148.7139892578	0.6103515625
4	217	139.1259765625	0.6103515625
4	218	-17.2723999023	0.6103515625
4	219	-36.7901000977	0.6103515625
4	220	128.0902099609	0.6103515625
4	221	103.5485839844	0.6103515625
4	222	-40.7008666992	0.6103515625
4	223	68.1268310547	0.6103515625
4	224	32.6196289063	0.6103515625
4	225	88.9898681641	0.6103515625
4	226	63.1695556641	0.6103515625
4	227	-71.0772705078	0.6103515625
4	228	119.8229980469	0.6103515625
4	229	36.9918823242	0.6103515625
4	230	-15.0297851563	0.6103515625
4	231	65.4064941406	0.6103515625
4	232	-50.2528686523	0.6103515625
4	233	76.8121337891	0.6103515625
4	234	64.3487548828	0.6103515625
4	235	274.0679931641	0.6103515625
4	236	46.2036743164	0.6103515625
4	237	25.504699707	0.6103515625
4	238	101.1016845703	0.6103515625
4	239	37.3875732422	0.6103515625
4	240	0	0.6103515625
4	241	-54.2978515625	0.6103515625
4	242	45.7298583984	0.6103515625
4	243	144.2840576172	0.6103515625
4	244	-59.5679321289	0.6103515625
4	245	44.6328735352	0.6103515625
4	246	85.5657958984	0.6103515625
4	247	244.6472167969	0.6103515625
4	248	19.7438964844	0.6103515625
4	249	139.2034912109	0.6103515625
4	250	131.4099121094	0.6103515625
4	251	28.1928710938	0.6103515625
4	252	156.2200927734	0.6103515625
4	253	119.3872070313	0.6103515625
4	254	109.3469238281	0.6103515625
4	255	214.4476318359	0.6103515625
5	128	183.5913085938	0.6103515625
5	129	-1.4322937012	0.6103515625
5	130	80.6219482422	0.6103515625
5	131	34.4418334961	0.6103515625
5	132	-8.979309082	0.6103515625
5	133	14.3090820313	0.6103515625
5	134	60.6659545898	0.6103515625
5	135	-4.9948120117	0.6103515625
5	136	140.1336669922	0.6103515625
5	137	91.5716552734	0.6103515625
5	138	39.2457275391	0.6103515625
5	139	72.4945068359	0.6103515625
5	140	-0.650604248	0.6103515625
5	141	-111.1254882813	0.6103515625
5	142	101.5454101563	0.6103515625
5	143	96.6943359375	0.6103515625
5	144	-95.3045654297	0.6103515625
5	145	198.3099365234	0.6103515625
5	146	-97.1533203125	0.6103515625
5	147	-78.6779785156	0.6103515625
5	148	34.2810668945	0.6103515625
5	149	15.0472412109	0.6103515625
5	150	89.5202636719	0.6103515625
5	151	64.5867919922	0.6103515625
5	152	-26.2326660156	0.6103515625
5	153	106.2530517578	0.6103515625
5	154	80.0933837891	0.6103515625
5	155	226.7077636719	0.6103515625
5	156	161.4666748047	0.6103515625
5	157	90.9393310547	0.6103515625
5	158	50.7178955078	0.6103515625
5	159	13.2183837891	0.6103515625
5	160	-33.3515625	0.6103515625
5	161	54.5441894531	0.6103515625
5	162	-29.9028930664	0.6103515625
5	163	64.3719482422	0.6103515625
5	164	95.7434082031	0.6103515625
5	165	-144.3579101563	0.6103515625
5	166	88.8116455078	0.6103515625
5	167	-187.1527099609	0.6103515625
5	168	21.0189819336	0.6103515625
5	169	-105.0964355469	0.6103515625
5	170	-11.1542358398	0.6103515625
5	171	48.3493041992	0.6103515625
5	172	66.2127685547	0.6103515625
5	173	-55.2230834961	0.6103515625
5	174	-110.4992675781	0.6103515625
5	175	-47.9865722656	0.6103515625
5	176	13.5659179688	0.6103515625
5	177	-9.5252685547	0.6103515625
5	178	-42.0854492188	0.6103515625
5	179	71.4569091797	0.6103515625
5	180	46.1619262695	0.6103515625
5	181	-41.2695922852	0.6103515625
5	182	-26.1138305664	0.6103515625
5	183	186.1456298828	0.6103515625
5	184	66.0766601563	0.6103515625
5	185	-14.8876953125	0.6103515625
5	186	-110.1171875	0.6103515625
5	187	-29.0494384766	0.6103515625
5	188	86.0400390625	0.6103515625
5	189	-10.2651977539	0.6103515625
5	190	0	0.6103515625
5	191	-118.1164550781	0.6103515625
5	192	0	0.6103515625
5	193	52.1632080078	0.6103515625
5	194	173.8830566406	0.6103515625
5	195	41.2189331055	0.6103515625
5	196	94.5343017578	0.6103515625
5	197	34.5621337891	0.6103515625
5	198	41.5520019531	0.6103515625
5	199	-75.1513671875	0.6103515625
5	200	79.6997070313	0.6103515625
5	201	-24.1005249023	0.6103515625
5	202	-2.5262756348	0.6103515625
5	203	56.0177001953	0.6103515625
5	204	38.9781494141	0.6103515625
5	205	211.7510986328	0.6103515625
5	206	-3.8780761719	0.6103515625
5	207	49.7412719727	0.6103515625
5	208	160.8483886719	0.6103515625
5	209	13.4348144531	0.6103515625
5	210	127.8057861328	0.6103515625
5	211	29.3649902344	0.6103515625
5	212	-58.6254272461	0.6103515625
5	213	178.4869384766	0.6103515625
5	214	-24.9166870117	0.6103515625
5	215	-63.5101318359	0.6103515625
5	216	-176.0107421875	0.6103515625
5	217	-249.1278076172	0.6103515625
5	218	39.854309082	0.6103515625
5	219	132.8491210938	0.6103515625
5	220	150.7995605469	0.6103515625
5	221	-150.3149414063	0.6103515625
5	222	59.7723999023	0.6103515625
5	223	16.7799072266	0.6103515625
5	224	-5.4573913574	0.6103515625
5	225	55.0173950195	0.6103515625
5	226	-29.0660400391	0.6103515625
5	227	-44.2144775391	0.6103515625
5	228	75.9881591797	0.6103515625
5	229	-210.8428955078	0.6103515625
5	230	133.4234619141	0.6103515625
5	231	-16.5495605469	0.6103515625
5	232	16.2608032227	0.6103515625
5	233	188.154296875	0.6103515625
5	234	81.2054443359	0.6103515625
5	235	-33.133972168	0.6103515625
5	236	189.248046875	0.6103515625
5	237	-75.0408935547	0.6103515625
5	238	-44.7350463867	0.6103515625
5	239	70.0518798828	0.6103515625
5	240	1477.4047851563	0.6103515625
5	241	10.2830810547	0.6103515625
5	242	7.128112793	0.6103515625
5	243	-65.4638671875	0.6103515625
5	244	18.3024291992	0.6103515625
5	245	67.03125	0.6103515625
5	246	-43.8580932617	0.6103515625
5	247	-55.2064208984	0.6103515625
5	248	108.8293457031	0.6103515625
5	249	-10.6773071289	0.6103515625
5	250	-168.4698486328	0.6103515625
5	251	-18.1094970703	0.6103515625
5	252	-0.6537780762	0.6103515625
5	253	-241.953125	0.6103515625
5	254	-114.4610595703	0.6103515625
5	255	-118.1439208984	0.6103515625

