0	0	-15772.7	2.52525
0	1	0	1
0	2	-4887.1	6.52842
0	3	-3204.82	7.36278
0	4	-1888.89	6.17284
0	5	-2875	6.94444
0	6	-2037.64	7.17273
0	7	-1682.87	2.47375
0	8	-2218.16	7.14586
0	9	-1625	6.94444
0	10	-3253.74	6.70179
0	11	-2046.66	7.14586
0	12	-2625	6.94444
0	13	-3625	6.94444
0	14	-554.217	7.36278
0	15	-2362.04	6.50141
0	16	-2939.76	7.36278
0	17	-1959.36	6.72625
0	18	-3531.53	7.53329
0	19	-1997.55	7.27957
0	20	-2218.16	7.14586
0	21	-2201.51	6.72625
0	22	-4533.42	7.14586
0	23	-2843.28	7.01088
0	24	-2421.61	6.33172
0	25	-2625	6.94444
0	26	-2875	6.94444
0	27	-1274.91	7.14586
0	28	-1521.2	7.17273
0	29	-2625	6.94444
0	30	-2554.07	7.17273
0	31	-2493.18	6.81981
0	32	-3845.16	7.17273
0	33	-1783.6	6.07441
0	34	-2034.07	7.68203
0	35	-3855.82	7.06759
0	36	-2732.66	7.14586
0	37	-2272.73	5.05051
0	38	-4345.13	7.53329
0	39	-2759.23	5.55133
0	40	-3475.23	6.81981
0	41	-1938.88	4.88463
0	42	-2775.54	7.30609
0	43	-2452.46	5.34038
0	44	-2812.29	7.17273
0	45	-1900	5.55556
0	46	-2876.28	7.62058
0	47	-1870.76	5.11578
0	48	-3333.37	6.33172
0	49	-1932.81	5.3554
0	50	-1460.45	7.30609
0	51	-2090.91	5.05051
0	52	-1265.61	6.81981
0	53	-1568.8	5.43017
0	54	-2674.7	7.36278
0	55	-1577.79	5.41527
0	56	-1118.83	6.35277
0	57	-1643.52	5.29627
0	58	-1222.22	6.17284
0	59	-2100	5.55556
0	60	-3311.16	7.2207
0	61	-2002.31	5.47586
0	62	-1625	6.94444
0	63	-2500	5.55556
0	64	-4243.24	7.58653
0	65	-3875	6.94444
0	66	-2443.65	6.72625
0	67	-674.653	7.14586
0	68	-734.533	6.74916
0	69	-2398.57	6.16704
0	70	-2066.75	6.27023
0	71	-1127.56	6.07441
0	72	-2933.44	7.01514
0	73	-1904.34	7.53329
0	74	-2632.66	6.63406
0	75	-2625	6.94444
0	76	-2398.57	6.16704
0	77	-1723.47	7.30609
0	78	-2125	6.94444
0	79	-1888.89	6.17284
0	80	-2473.34	5.98064
0	81	-2295.86	7.17273
0	82	-2493.18	6.81981
0	83	-554.217	7.36278
0	84	-3349.14	6.63406
0	85	-1446.41	7.14586
0	86	-2333.33	6.17284
0	87	-2329.22	7.06759
0	88	-2127.98	6.50141
0	89	-2634.28	7.50333
0	90	-3444.44	6.17284
0	91	-2783.74	7.27957
0	92	-2583.65	7.06759
0	93	-2475.41	7.14586
0	94	-3038.46	6.01826
0	95	-3045.8	7.27957
0	96	-3520.77	6.56727
0	97	-3002.25	6.74916
0	98	-1199.7	6.63406
0	99	-1706.41	6.74916
0	100	-3511.33	6.6109
0	101	-1756.64	6.81981
0	102	-2529.95	6.70179
0	103	0	1
0	104	-2473.44	6.63406
0	105	-1565.92	7.06759
0	106	0	1
0	107	0	1
0	108	-2583.65	7.06759
0	109	-1579.35	7.44735
0	110	-1988.54	6.45729
0	111	-2428.35	7.01514
0	112	-2777.78	6.17284
0	113	-2247.67	6.81981
0	114	-1949.38	6.74916
0	115	-2125	6.94444
0	116	-2830.14	6.50141
0	117	-3125	6.94444
0	118	-2493.18	6.81981
0	119	-3845.16	7.17273
0	120	-2201.6	2.43043
0	121	-3669.19	7.14136
0	122	-3532.29	6.50141
0	123	-2333.33	6.17284
0	124	-1165.63	7.01514
0	125	-4333.33	6.17284
0	126	0	1
0	127	0	1
1	0	0	1
1	1	0	1
1	2	-4110.22	5.39069
1	3	-2876.28	7.62058
1	4	-1783.6	6.07441
1	5	-3174.52	7.50333
1	6	-955.89	7.62058
1	7	-2094.04	7.50333
1	8	-2567.6	1.1847
1	9	-1807.77	7.52801
1	10	-1284.19	2.98207
1	11	-2175.54	7.53329
1	12	-2674.7	7.36278
1	13	-3055.31	7.65245
1	14	-4265.06	7.36278
1	15	-2875	6.94444
1	16	-2717.94	7.53329
1	17	-4375	6.94444
1	18	-2218.16	7.14586
1	19	-2253.42	6.79399
1	20	-3832	7.27957
1	21	-3699.3	7.62058
1	22	-1875	6.94444
1	23	-3047.92	6.56727
1	24	-2045.05	2.85513
1	25	-2324.34	5.82044
1	26	-2939.76	7.36278
1	27	-3121.27	7.77363
1	28	-3045.8	7.27957
1	29	-3875	6.94444
1	30	-3724.19	7.44735
1	31	-2453.47	6.45729
1	32	-2812.29	7.17273
1	33	-2.26E+003	6.35277
1	34	-3802.73	7.53329
1	35	-3314.35	6.07441
1	36	-2468.04	3.42301
1	37	-2989.91	7.14586
1	38	-2443.65	6.72625
1	39	-3504.41	7.14586
1	40	-2875	6.94444
1	41	-3851.92	6.43649
1	42	-2632.66	6.63406
1	43	-2111.11	6.17284
1	44	-2074.79	7.06759
1	45	-1911.06	6.45729
1	46	-2565.87	3.60704
1	47	-2830.14	6.50141
1	48	-3125	6.94444
1	49	-1303.07	6.43649
1	50	-3375	6.94444
1	51	-2446.74	7.53329
1	52	-1802.64	5.23967
1	53	-1523.62	6.45729
1	54	-1900	5.55556
1	55	-1737.78	6.33172
1	56	-2419.41	4.39748
1	57	-1735.48	7.27957
1	58	-1820.48	4.34935
1	59	-1633.15	7.53329
1	60	-1781.82	5.78512
1	61	-2380.93	6.22904
1	62	-1783.6	6.07441
1	63	-5269.23	7.39645
1	64	-3601.39	7.06759
1	65	3868.67	2.93002
1	66	-2138.77	5.92657
1	67	-1825.16	5.70101
1	68	-4705.55	7.27957
1	69	-1977.06	4.34935
1	70	-2779.83	7.65245
1	71	-2290.21	4.34935
1	72	-3646.84	6.27023
1	73	-2937.2	5.43017
1	74	-3782.25	6.37249
1	75	-2751.52	5.22589
1	76	-1579.35	7.44735
1	77	-4543.27	6.63406
1	78	-2111.11	6.17284
1	79	-2989.91	7.14586
1	80	-1865.81	6.56727
1	81	-1819.24	3.67468
1	82	-2925.06	6.43649
1	83	-3045.8	7.27957
1	84	-1988.54	6.45729
1	85	-2712.27	6.63406
1	86	-1766.5	6.43649
1	87	-2583.65	7.06759
1	88	-2329.22	7.06759
1	89	-2074.79	7.06759
1	90	-1017.65	7.14586
1	91	-1856.99	3.41705
1	92	-1955.17	6.01826
1	93	-3416.83	7.68203
1	94	-2743.93	6.27023
1	95	-3070.51	7.17273
1	96	-2461.64	6.43649
1	97	-2939.76	7.36278
1	98	-2475.41	7.14586
1	99	-2812.29	7.17273
1	100	-2651.77	7.44735
1	101	-1879.52	7.36278
1	102	-3239.67	5.78512
1	103	-2150	2.77778
1	104	-2221.01	6.45729
1	105	-2002.15	6.81981
1	106	-1189.16	7.14586
1	107	0	1
1	108	-2625	6.94444
1	109	-1211.35	7.27957
1	110	-802.621	7.06759
1	111	-2643.35	8.20012
1	112	-3601.39	7.06759
1	113	-3734.94	7.36278
1	114	268.6	7.14586
1	115	-2144.58	7.36278
1	116	-1349.4	7.36278
1	117	-2058.82	3.26797
1	118	190.78	7.27481
1	119	-1851.77	1.23044
1	120	-1735.48	7.27957
1	121	-1680.42	7.1977
1	122	-3038.56	7.30609
1	123	-1605.59	5.85414
1	124	-1614.46	7.36278
1	125	-2104.09	5.26857
1	126	-4453.36	5.78453
1	127	0	1
2	0	0	1
2	1	-5181.82	5.05051
2	2	-7184.16	6.38064
2	3	-2685.8	6.72625
2	4	-1712.06	5.92657
2	5	-2583.65	7.06759
2	6	-2946.49	6.93619
2	7	-2217.39	2.41546
2	8	-2625	6.94444
2	9	-2253.42	6.79399
2	10	-2875	6.94444
2	11	-1446.41	7.14586
2	12	-2375	6.94444
2	13	-2561.16	7.14586
2	14	-3045.8	7.27957
2	15	-2830.14	6.50141
2	16	-2329.22	7.06759
2	17	-2002.15	6.81981
2	18	-3832	7.27957
2	19	-2890.75	6.84008
2	20	-3330.8	7.65245
2	21	-3217.5	6.8666
2	22	-2818.41	7.14586
2	23	-2632.66	6.63406
2	24	-2333.33	6.17284
2	25	-3307.87	7.27957
2	26	-2247.67	6.81981
2	27	-2732.66	7.14586
2	28	-3375	6.94444
2	29	-3847.41	7.14586
2	30	-2201.51	6.72625
2	31	-2818.41	7.14586
2	32	-1062.15	6.65194
2	33	-3634.53	6.35277
2	34	-4265.06	7.36278
2	35	-3711.89	6.8666
2	36	-3346.95	7.06759
2	37	-2693.35	6.43649
2	38	-1084.34	7.36278
2	39	-3346.95	7.06759
2	40	-2218.16	7.14586
2	41	-1841.02	6.27023
2	42	-3047.69	6.94861
2	43	-1703.66	7.14586
2	44	-3284.17	7.38806
2	45	-1875	6.94444
2	46	-2783.74	7.27957
2	47	-1998.21	6.43649
2	48	-2877.49	6.33172
2	49	-1893.93	6.50141
2	50	-2674.7	7.36278
2	51	-1888.89	6.17284
2	52	-1082.36	6.70179
2	53	-2927.94	6.72625
2	54	-1189.16	7.14586
2	55	-2783.74	7.27957
2	56	-2725.53	6.33172
2	57	-1804.93	6.35277
2	58	-1666.67	6.17284
2	59	-2447.09	6.93619
2	60	-625	6.94444
2	61	-2759.28	6.74916
2	62	-2989.91	7.14586
2	63	-4570.93	7.30488
2	64	-3567.09	7.1885
2	65	-3438.54	7.01514
2	66	-3504.41	7.14586
2	67	-3625	6.94444
2	68	-2375	6.94444
2	69	-1071.36	6.43649
2	70	-3110.31	6.63406
2	71	-3000	6.17284
2	72	-2783.74	7.27957
2	73	-1165.63	7.01514
2	74	-2685.8	6.72625
2	75	-2738.69	6.81981
2	76	-2111.11	6.17284
2	77	-1349.4	7.36278
2	78	-1625	6.94444
2	79	-204.036	6.35277
2	80	-1615.29	6.27023
2	81	-1311.25	7.44735
2	82	-2984.21	6.81981
2	83	-2303.91	7.14586
2	84	-2030.37	6.74916
2	85	-949.288	7.27957
2	86	-1748	6
2	87	875	6.94444
2	88	-913.083	7.01514
2	89	-3307.87	7.27957
2	90	-1946.97	6.37249
2	91	-2875	6.94444
2	92	-1448.28	6.93619
2	93	-1126.9	7.65245
2	94	-2777.78	6.17284
2	95	-1997.55	7.27957
2	96	-1625	6.94444
2	97	-1960.91	7.14586
2	98	-1779.42	7.17273
2	99	-2512.52	7.30609
2	100	-1670.72	7.01514
2	101	97.0977	7.01514
2	102	-2218.16	7.14586
2	103	-598.07	6.33172
2	104	-734.533	6.74916
2	105	-1004.76	7.17273
2	106	-1905.78	6.84008
2	107	-2094.04	7.50333
2	108	-1446.41	7.14586
2	109	-1735.48	7.27957
2	110	-489.628	6.50141
2	111	-2046.66	7.14586
2	112	-2875	6.94444
2	113	-674.653	7.14586
2	114	-2838.09	7.06759
2	115	-1262.98	7.17273
2	116	-3586.95	7.17273
2	117	-3125	6.94444
2	118	-3625	6.94444
2	119	-3966.26	6.81981
2	120	-2353.52	2.45499
2	121	-2812.29	7.17273
2	122	-3125	6.94444
2	123	-3476	6
2	124	-2583.65	7.06759
2	125	-4555.56	6.17284
2	126	0	1
2	127	0	1
3	0	0	1
3	1	-4245.12	5.78453
3	2	-2500	5.55556
3	3	-3469.88	7.36278
3	4	-1666.67	6.17284
3	5	-3531.53	7.53329
3	6	-1960.91	7.14586
3	7	-2078.78	7.52801
3	8	-2170.91	1.14493
3	9	-1071.51	7.31115
3	10	-2238.39	2.71558
3	11	-3121.27	7.77363
3	12	-2265.94	7.53329
3	13	-152.053	6.65927
3	14	-1941.88	7.68203
3	15	-1521.2	7.17273
3	16	-2327.6	7.62058
3	17	-4353.66	7.30609
3	18	-1723.47	7.30609
3	19	-2084.9	7.27957
3	20	-3260.34	7.53329
3	21	-3055.31	7.65245
3	22	-2192.35	6.74916
3	23	-2106.24	6.74536
3	24	-2062.42	2.91022
3	25	-884	6
3	26	-2383.67	7.44735
3	27	-3000	7.93651
3	28	-2084.9	7.27957
3	29	-3367.87	7.41621
3	30	-1823.92	7.50333
3	31	-2830.14	6.50141
3	32	-2475.41	7.14586
3	33	-2596.09	6.50141
3	34	-2260.05	7.83422
3	35	-2461.64	6.43649
3	36	-1884.86	3.76796
3	37	-3330.8	7.65245
3	38	-2609.03	7.27957
3	39	-1446.41	7.14586
3	40	-3332.91	7.14586
3	41	-2393.83	6.63406
3	42	-2575.08	6.56727
3	43	-1998.21	6.43649
3	44	-3204.82	7.36278
3	45	-2155.01	6.63406
3	46	-2714.49	3.42301
3	47	-4000.39	6.50141
3	48	-1820.35	7.06759
3	49	-1131.41	6.6109
3	50	-572.553	6.74916
3	51	-2717.94	7.53329
3	52	-1834.18	5.29627
3	53	-1291.16	6.45729
3	54	-861.168	5.59912
3	55	-890.135	6.35277
3	56	-974.118	4.48993
3	57	-289.157	7.36278
3	58	-1267.3	4.45917
3	59	-5.95655	7.53329
3	60	-1629.31	6.22605
3	61	-586.967	6.22904
3	62	-2229.92	6.43649
3	63	286.327	7.17273
3	64	-3263.29	7.43717
3	65	-1316	6
3	66	-1532	6
3	67	-1860.22	5.76837
3	68	-2303.91	7.14586
3	69	-3044.31	4.42871
3	70	-3606.29	7.65245
3	71	-2627.78	4.40832
3	72	-1888.89	6.17284
3	73	-3029.23	5.34038
3	74	-2033.63	6.35277
3	75	-2067.96	5.34038
3	76	-2812.29	7.17273
3	77	-1544.43	6.74916
3	78	-2518.2	6.27023
3	79	-3625	6.94444
3	80	-2066.75	6.27023
3	81	-2103.02	3.41705
3	82	-1893.93	6.50141
3	83	-1375	6.94444
3	84	-3888.89	6.17284
3	85	-2234.61	6.63406
3	86	-3561.32	6.33172
3	87	-2933.44	7.01514
3	88	-1473.42	7.27957
3	89	-2871.48	6.63406
3	90	-2609.03	7.27957
3	91	-1874.52	3.34635
3	92	-1259.7	6.22904
3	93	-4260.4	7.44735
3	94	-2292.48	6.27023
3	95	-2375	6.94444
3	96	-3022.78	6.07441
3	97	-3125	6.94444
3	98	-722.049	6.63406
3	99	-160.151	7.14586
3	100	-2295.86	7.17273
3	101	-1565.92	7.06759
3	102	-2100	5.55556
3	103	-1521.65	2.86346
3	104	-2041.7	6.33172
3	105	-1544.43	6.74916
3	106	-1735.48	7.27957
3	107	-3070.51	7.17273
3	108	-2002.15	6.81981
3	109	-488.328	7.17273
3	110	-1057.05	7.06759
3	111	-2841.42	7.77363
3	112	-2984.21	6.81981
3	113	-1126.9	7.65245
3	114	-819.277	7.36278
3	115	-3045.8	7.27957
3	116	-2717.94	7.53329
3	117	-1994.99	3.34635
3	118	-4523.3	7.27481
3	119	-2014.72	1.20389
3	120	-3531.03	7.43717
3	121	-3247.16	7.14586
3	122	-2409.64	7.36278
3	123	-2876.99	6.07441
3	124	-4094.06	7.27957
3	125	-2013.68	5.18027
3	126	0	1
3	127	0	1
4	0	0	1
4	1	0	1
4	2	-5905.53	6.52842
4	3	0	1
4	4	0	1
4	5	0	1
4	6	-3185.99	7.01514
4	7	-2356.71	2.51524
4	8	-3601.39	7.06759
4	9	-4211.77	6.81981
4	10	-4104.67	7.14586
4	11	-2409.64	7.36278
4	12	-4375	6.94444
4	13	0	1
4	14	0	1
4	15	-3946.18	6.61001
4	16	-1473.42	7.27957
4	17	-1893.93	6.50141
4	18	-1179.68	6.85066
4	19	-2838.09	7.06759
4	20	-3301.58	7.30609
4	21	-2685.8	6.72625
4	22	-2634.28	7.50333
4	23	-3625	6.94444
4	24	-2193.66	6.33172
4	25	-2897.92	7.14136
4	26	-2989.91	7.14586
4	27	-1659.54	6.84008
4	28	-802.621	7.06759
4	29	-2002.15	6.81981
4	30	-2583.65	7.06759
4	31	-1125	6.94444
4	32	-2775.54	7.30609
4	33	-2066.75	6.27023
4	34	-988.924	7.12025
4	35	-1511.13	6.81981
4	36	-2247.67	6.81981
4	37	-2518.2	6.27023
4	38	-1262.98	7.17273
4	39	-2259.61	7.27957
4	40	-2126.65	7.14136
4	41	-1841.02	6.27023
4	42	-2812.29	7.17273
4	43	-2002.31	5.47586
4	44	-948.87	6.93619
4	45	-2989.91	7.14586
4	46	-1349.4	7.36278
4	47	-883.994	6.11162
4	48	-1222.22	6.17284
4	49	-2002.15	6.81981
4	50	-2175.54	7.53329
4	51	-1804.93	6.35277
4	52	-2443.65	6.72625
4	53	-3035.35	6.6109
4	54	-1633.15	7.53329
4	55	-2732.66	7.14586
4	56	-3000	6.17284
4	57	-2475.41	7.14586
4	58	-2066.75	6.27023
4	59	-2046.66	7.14586
4	60	-3375	6.94444
4	61	-1787.4	6.74916
4	62	-3075.66	7.14586
4	63	-775.039	7.44735
4	64	-6067.48	7.60179
4	65	-2875	6.94444
4	66	-2625	6.94444
4	67	-2074.79	7.06759
4	68	-931.904	7.14586
4	69	-1888.89	6.17284
4	70	-3995.01	6.52136
4	71	-2649.55	6.33172
4	72	-1446.41	7.14586
4	73	-2046.66	7.14586
4	74	-990.783	6.72625
4	75	-2247.67	6.81981
4	76	-2220.96	6.07441
4	77	-1997.55	7.27957
4	78	-977.503	6.74916
4	79	-2180	6
4	80	-1564.92	6.07441
4	81	-488.328	7.17273
4	82	0	1
4	83	-1703.66	7.14586
4	84	-2375	6.94444
4	85	-1013.56	7.50333
4	86	-1316	6
4	87	-2074.79	7.06759
4	88	-2759.28	6.74916
4	89	-1004.76	7.17273
4	90	-1444.44	6.17284
4	91	-1670.72	7.01514
4	92	-1265.61	6.81981
4	93	-2989.14	7.53329
4	94	-1732.53	6.16704
4	95	-2690.04	7.27481
4	96	354.351	7.14586
4	97	-2393.83	6.63406
4	98	-3475.23	6.81981
4	99	-3375	6.94444
4	100	-1581.32	7.01088
4	101	-3848.24	6.45729
4	102	-2338.66	6.56727
4	103	-2658.31	6.07441
4	104	-2685.8	6.72625
4	105	-3504.41	7.14586
4	106	-2948.43	6.35277
4	107	-1211.35	7.27957
4	108	-3375	6.94444
4	109	-1869.57	7.14136
4	110	-2918.39	6.45729
4	111	-4018.92	7.14586
4	112	-3305.83	6.45729
4	113	-3691.08	7.01514
4	114	-3070.51	7.17273
4	115	-2738.69	6.81981
4	116	-3691.08	7.01514
4	117	-1703.66	7.14586
4	118	-960.875	6.63406
4	119	-1057.05	7.06759
4	120	-2158.15	2.38867
4	121	-774.587	6.81981
4	122	-2218.16	7.14586
4	123	-2002.28	6.07441
4	124	-4935.25	7.01661
4	125	-3666.67	6.17284
4	126	0	1
4	127	0	1
5	0	0	1
5	1	0	1
5	2	-4500	5.55556
5	3	-5109.65	7.60179
5	4	-4174.89	6.22904
5	5	-3680.97	7.77363
5	6	-2115.56	7.44735
5	7	-2001.87	7.77363
5	8	-2406.23	1.16558
5	9	-2380.57	7.73975
5	10	-1630.12	2.56849
5	11	-1953.36	7.65245
5	12	-1908.58	7.77363
5	13	-3204.82	7.36278
5	14	-2857.74	7.08171
5	15	-3720.75	6.81981
5	16	-142.857	7.93651
5	17	-1779.42	7.17273
5	18	-3624.72	7.50333
5	19	-4103.38	7.17273
5	20	-2651.77	7.44735
5	21	-2651.77	7.44735
5	22	-3875	6.94444
5	23	-1893.93	6.50141
5	24	-2332.69	2.79757
5	25	-2743.41	5.82044
5	26	-4073.93	7.53329
5	27	-3973.64	7.62058
5	28	-3827.62	7.30609
5	29	-2875	6.94444
5	30	-4361.92	7.14586
5	31	-1677.35	6.63406
5	32	-2074.79	7.06759
5	33	-2338.66	6.56727
5	34	-5259.22	7.65245
5	35	-2111.11	6.17284
5	36	-2108.03	3.70245
5	37	-1232	7.41621
5	38	-2002.15	6.81981
5	39	-1565.92	7.06759
5	40	-1997.55	7.27957
5	41	-893.416	6.6109
5	42	-2678.29	6.74916
5	43	-2461.64	6.43649
5	44	-245.902	7.14586
5	45	-1463.44	6.74916
5	46	-1999.73	3.55439
5	47	-1756.08	6.45729
5	48	-1707.39	6.91063
5	49	-1666.67	6.17284
5	50	-3407.2	6.74916
5	51	-173.926	6.9113
5	52	-2368.53	5.23967
5	53	0	1
5	54	-1535.08	5.26857
5	55	-2777.78	6.17284
5	56	-2202.19	4.32028
5	57	-2144.58	7.36278
5	58	-3682.04	4.42871
5	59	-1204.41	7.68203
5	60	-2350.75	5.43017
5	61	-2439.64	6.07441
5	62	-3444.44	6.17284
5	63	-3045.8	7.27957
5	64	-2625	6.94444
5	65	-2828	6
5	66	-3084.18	6.11162
5	67	-1127.56	6.07441
5	68	-2521.68	7.27957
5	69	-2055.48	4.29985
5	70	-2144.58	7.36278
5	71	-2202.19	4.32028
5	72	-2111.11	6.17284
5	73	-1764.29	5.43017
5	74	-1841.02	6.27023
5	75	-2607.43	5.11578
5	76	-2249.51	7.30609
5	77	-2529.95	6.70179
5	78	-1964	6
5	79	-4876.42	7.14586
5	80	-2333.33	6.17284
5	81	-2812.5	3.47222
5	82	-1389.56	6.27023
5	83	-3590.16	7.14586
5	84	-1794.18	6.54329
5	85	-1865.81	6.56727
5	86	-1444.44	6.17284
5	87	-802.621	7.06759
5	88	-4017.36	7.11716
5	89	-2875	6.94444
5	90	-1806.16	6.70179
5	91	-2539.24	3.37553
5	92	-2138.77	5.92657
5	93	-1193.64	7.50333
5	94	-2693.35	6.43649
5	95	-1446.41	7.14586
5	96	-3222.22	6.17284
5	97	-674.653	7.14586
5	98	-296.75	6.79399
5	99	125	6.94444
5	100	-2303.91	7.14586
5	101	-1361.95	7.53329
5	102	-1589.61	5.50616
5	103	-1587.75	2.83424
5	104	-839.642	6.43649
5	105	-100.108	6.6109
5	106	125	6.94444
5	107	-2046.66	7.14586
5	108	-1125	6.94444
5	109	-1614.46	7.36278
5	110	-2125	6.94444
5	111	-819.552	7.53329
5	112	-245.902	7.14586
5	113	-548.188	7.06759
5	114	-625	6.94444
5	115	-383.278	7.50333
5	116	-1274.91	7.14586
5	117	-1999.85	3.15121
5	118	-1553.8	7.50333
5	119	-2209.81	1.15934
5	120	-1013.56	7.50333
5	121	-3761.66	7.14586
5	122	-2566.33	7.73975
5	123	-2952.95	5.82044
5	124	-5622.84	7.30488
5	125	-5500	5.55556
5	126	0	1
5	127	0	1
0	128	-2487.37	4.4794
0	129	-1762.38	4.78819
0	130	-1997.08	5.3554
0	131	-3551.01	6.8159
0	132	-1446.41	7.14586
0	133	-901.992	6.33172
0	134	-3601.39	7.06759
0	135	-3667.96	5.3554
0	136	-875	6.94444
0	137	-3625	6.94444
0	138	-2625	6.94444
0	139	-1594.07	6.01826
0	140	-802.621	7.06759
0	141	-1444.44	6.17284
0	142	-1013.56	7.50333
0	143	-2102.24	6.56727
0	144	-1511.13	6.81981
0	145	-21.5264	6.50141
0	146	-2561.16	7.14586
0	147	-1847.46	7.44735
0	148	-1879.52	7.36278
0	149	-655.424	6.6109
0	150	-2274.12	7.50333
0	151	-2770.59	6.43649
0	152	-2565.48	5.92657
0	153	-2625	6.94444
0	154	-722.049	6.63406
0	155	-1964	6
0	156	-2812.29	7.17273
0	157	-1125	6.94444
0	158	-1125	6.94444
0	159	-2738.69	6.81981
0	160	-2193.66	6.33172
0	161	-2601.18	5.63449
0	162	-3000	6.17284
0	163	-2473.44	6.63406
0	164	-1375	6.94444
0	165	-2111.11	6.17284
0	166	-3204.82	7.36278
0	167	-913.083	7.01514
0	168	-218.166	6.33172
0	169	-1509.84	6.33172
0	170	-2329.22	7.06759
0	171	-3532.29	6.50141
0	172	-2521.68	7.27957
0	173	-204.036	6.35277
0	174	-1875	6.94444
0	175	-2894.02	6.01826
0	176	-2333.33	6.17284
0	177	-2606.07	4.57432
0	178	-2423.24	5.92657
0	179	-872.57	5.39957
0	180	-2273.34	6.74916
0	181	-1375	6.94444
0	182	-1071.99	5.92657
0	183	-2041.7	6.33172
0	184	-1100	5.55556
0	185	-1125	6.94444
0	186	-1279.31	6.63406
0	187	-2274.29	5.31174
0	188	-3284.34	6.56727
0	189	-1042.61	5.34038
0	190	0	1
0	191	219.885	4.14277
0	192	4625	2.31481
0	193	-20133.6	5.47159
0	194	-2922.26	5.47586
0	195	-3075.66	7.14586
0	196	-3144.55	5.17052
0	197	-687.224	7.27957
0	198	-3125	6.94444
0	199	-3659.96	5.76837
0	200	-3314.35	6.07441
0	201	-2948.43	6.35277
0	202	-3075.66	7.14586
0	203	-3654.38	6.72625
0	204	0	1
0	205	-2635.2	6.37249
0	206	-2985.43	4.74142
0	207	-4701.03	6.33172
0	208	-1071.36	6.43649
0	209	-3984.88	7.50333
0	210	-4104.67	7.14586
0	211	-2037.64	7.17273
0	212	-1532.16	7.14586
0	213	-3000	7.93651
0	214	-901.992	6.33172
0	215	-3826.79	6.63406
0	216	-1717.22	6.72625
0	217	-1084.34	7.36278
0	218	-2269.64	6.33172
0	219	-1787.4	6.74916
0	220	-1564.89	6.70179
0	221	0	1
0	222	-3666.67	6.17284
0	223	-2693.35	6.43649
0	224	-1756.96	6.63406
0	225	-4619.12	7.06759
0	226	-3625	6.94444
0	227	-3084.48	7.50333
0	228	-2876.99	6.07441
0	229	-2554.07	7.17273
0	230	-4189.75	7.0911
0	231	-2533.88	5.82044
0	232	-2083.38	6.6109
0	233	-1904.34	7.53329
0	234	-3875	6.94444
0	235	-2383.67	7.44735
0	236	-5375	6.94444
0	237	-1126.9	7.65245
0	238	-3875	6.94444
0	239	-1036.64	7.27957
0	240	0	1
0	241	-3123.59	7.73975
0	242	-2612	6
0	243	-949.288	7.27957
0	244	-938.107	6.27023
0	245	-1823.92	7.50333
0	246	-960.875	6.63406
0	247	-1625	6.94444
0	248	-1633.96	5.43017
0	249	-1349.4	7.36278
0	250	-1301.46	6.74916
0	251	-2521.68	7.27957
0	252	-3654.38	6.72625
0	253	-1900	5.55556
0	254	-2343.14	4.77666
0	255	-15285.7	7.93651
1	128	-2357.14	3.96825
1	129	-3404.27	4.88463
1	130	-1686.59	5.11578
1	131	-3388.49	6.43649
1	132	0	1
1	133	-1766.06	6.6109
1	134	-1909.09	5.05051
1	135	-3847.41	7.14586
1	136	-3265.46	5.68408
1	137	-3044	6
1	138	-1423.81	5.68408
1	139	-3929.16	6.43649
1	140	-1879.52	7.36278
1	141	-3634.53	6.35277
1	142	-4448.72	7.01514
1	143	-4320.77	2.62927
1	144	-2338.66	6.56727
1	145	-3229.72	6.81981
1	146	-1564.89	6.70179
1	147	-2871.48	6.63406
1	148	-1004.76	7.17273
1	149	-2771.21	6.70179
1	150	0	1
1	151	-2125	6.94444
1	152	-2201.51	6.72625
1	153	-1997.55	7.27957
1	154	-2533.88	5.82044
1	155	-1565.92	7.06759
1	156	-1781.25	1.73611
1	157	-1893.93	6.50141
1	158	-2125	6.94444
1	159	-1013.56	7.50333
1	160	-2472.25	2.18961
1	161	-4878.04	7.17273
1	162	-1548.12	1.33648
1	163	-3125	6.94444
1	164	-3444.44	6.17284
1	165	-1576.23	6.35277
1	166	-2272.73	5.05051
1	167	-3064.19	6.50141
1	168	-3375	6.94444
1	169	-3500	5.55556
1	170	-1625	6.94444
1	171	-2195.77	4.73034
1	172	-4697.85	5.68408
1	173	-4073.93	7.53329
1	174	0	1
1	175	-3444.44	6.17284
1	176	-1316	6
1	177	-1825.16	5.70101
1	178	-3845.16	7.17273
1	179	333.333	6.17284
1	180	-1916.18	6.63406
1	181	-576.093	6.6109
1	182	-2144.58	7.36278
1	183	-1920.32	6.81981
1	184	-777.778	6.17284
1	185	-2125	6.94444
1	186	-1473.42	7.27957
1	187	-2004.05	6.6109
1	188	-746.546	7.17273
1	189	-1429.29	6.81981
1	190	0	1
1	191	-4620.96	6.81981
1	192	-3075.66	7.14586
1	193	0	1
1	194	-2046.66	7.14586
1	195	-2875	6.94444
1	196	-3476.34	6.79399
1	197	-2046.66	7.14586
1	198	-1560.77	7.27957
1	199	3288.46	3.20513
1	200	-2144.58	7.36278
1	201	-2295.86	7.17273
1	202	-1564.89	6.70179
1	203	-1262.98	7.17273
1	204	-2111.11	6.17284
1	205	-4530.71	7.1977
1	206	-2570.22	5.71698
1	207	-2555.56	6.17284
1	208	-2625	6.94444
1	209	0	1
1	210	-1473.42	7.27957
1	211	-2067.89	5.76837
1	212	-2515.1	4.77666
1	213	-931.904	7.14586
1	214	-2937.4	5.87317
1	215	-4142.86	7.93651
1	216	-1475.07	6.72625
1	217	-1469.31	5.17052
1	218	-1703.66	7.14586
1	219	-2680.9	7.01514
1	220	-3424.96	7.62058
1	221	-1518.14	6.63406
1	222	-4616.33	7.53329
1	223	-2251.91	2.49916
1	224	-3569.93	7.27957
1	225	-2375	6.94444
1	226	-3375	6.94444
1	227	-2126.98	1.77085
1	228	-425.159	7.27957
1	229	-1965.72	6.33172
1	230	-3125	6.94444
1	231	-1703.66	7.14586
1	232	-1451.8	7.73975
1	233	-841.098	6.70179
1	234	-4125	6.94444
1	235	-1625	6.94444
1	236	-1820.35	7.06759
1	237	-3307.87	7.27957
1	238	-2521.68	7.27957
1	239	-815.523	6.74916
1	240	0	1
1	241	-4375	6.94444
1	242	24.6637	6.35277
1	243	-2175.54	7.53329
1	244	-1959.36	6.72625
1	245	-2778.84	5.92657
1	246	-674.05	6.33172
1	247	-1666.67	6.17284
1	248	-1017.65	7.14586
1	249	-2350.75	5.43017
1	250	-1375	6.94444
1	251	-875	6.94444
1	252	-1625	6.94444
1	253	-1700	5.55556
1	254	-2187.12	5.22589
1	255	-3410.28	4.10177
2	128	-3044.31	4.42871
2	129	-2159.46	4.48993
2	130	-1959.77	5.43017
2	131	-2273.34	6.74916
2	132	-2950.89	7.30609
2	133	-2685.8	6.72625
2	134	-2346.97	7.27957
2	135	-3119.39	5.47586
2	136	-3070.51	7.17273
2	137	-1625	6.94444
2	138	-1375	6.94444
2	139	-2429.88	6.52136
2	140	-3832	7.27957
2	141	-1191.78	6.50141
2	142	-2030.37	6.74916
2	143	-960.875	6.63406
2	144	-802.621	7.06759
2	145	-2262.33	6.35277
2	146	-4104.67	7.14586
2	147	-2375	6.94444
2	148	-3625	6.94444
2	149	-2165.83	6.81981
2	150	-4345.13	7.53329
2	151	-3620.2	6.43649
2	152	-3467.05	5.70101
2	153	-4375.45	6.81981
2	154	-1191.78	6.50141
2	155	-2324.34	5.82044
2	156	-2295.86	7.17273
2	157	-2393.83	6.63406
2	158	-1953.36	7.65245
2	159	-1735.48	7.27957
2	160	-3000	6.17284
2	161	-2876.99	6.07441
2	162	-2828	6
2	163	-1959.36	6.72625
2	164	-3494.24	7.1977
2	165	-2894.02	6.01826
2	166	-3966.26	6.81981
2	167	-3625	6.94444
2	168	-2008.84	6.79399
2	169	-4556	6
2	170	-714.286	7.93651
2	171	-3002.25	6.74916
2	172	-4211.77	6.81981
2	173	-2575.08	6.56727
2	174	-3832	7.27957
2	175	-1488.15	6.37249
2	176	-3666.67	6.17284
2	177	-2687.06	4.77666
2	178	-3222.22	6.17284
2	179	-2552.54	5.41527
2	180	-3125	6.94444
2	181	-1375	6.94444
2	182	-3428.75	6.63406
2	183	-2777.78	6.17284
2	184	-2003.87	5.34038
2	185	-3125	6.94444
2	186	-2984.21	6.81981
2	187	-2913.3	4.94676
2	188	-2984.21	6.81981
2	189	-2318.4	5.3554
2	190	-2871.48	6.63406
2	191	-3897.49	6.07441
2	192	-2275.55	5.76837
2	193	-10735.6	4.28397
2	194	-2679.78	4.08429
2	195	-506.493	6.72625
2	196	-1446.37	4.03361
2	197	-3863.23	6.35277
2	198	-1666.67	6.17284
2	199	-760.404	7.14586
2	200	-1532	6
2	201	-2625	6.94444
2	202	-1585.82	6.33172
2	203	-3156.78	6.43649
2	204	-1888.89	6.17284
2	205	-1706.41	6.74916
2	206	-2291.8	3.76796
2	207	-2443.65	6.72625
2	208	-3022.78	6.07441
2	209	-1011.42	5.90813
2	210	-2969.66	6.27023
2	211	-2157.75	4.39854
2	212	-2712.96	5.90813
2	213	-944.103	6.01826
2	214	-2229.92	6.43649
2	215	-2732.66	7.14586
2	216	-2693.35	6.43649
2	217	-1356.46	5.92657
2	218	-1865.81	6.56727
2	219	-4625	6.94444
2	220	-2712.96	5.90813
2	221	-2037.64	7.17273
2	222	9.97442	6.43649
2	223	-1463.44	6.74916
2	224	-1791.29	5.90813
2	225	-2125	6.94444
2	226	-1594.07	6.01826
2	227	-2851.34	5.70101
2	228	-1766.5	6.43649
2	229	-1629.39	6.56727
2	230	-1920.66	5.78512
2	231	-2262.33	6.35277
2	232	-2743.93	6.27023
2	233	-2776.03	5.71698
2	234	-2242.32	5.68408
2	235	-1888.89	6.17284
2	236	-2743.41	5.82044
2	237	-1375.68	5.76837
2	238	-3669.99	6.6109
2	239	-2348.19	4.54237
2	240	-13188.2	4.08338
2	241	-446.108	6.33172
2	242	-777.778	6.17284
2	243	-1842.33	4.4794
2	244	-3375	6.94444
2	245	-2778.14	6.14977
2	246	-1544.43	6.74916
2	247	-2685.8	6.72625
2	248	-2494.28	5.23967
2	249	-2680.9	7.01514
2	250	-446.108	6.33172
2	251	125	6.94444
2	252	-1964	6
2	253	-777.778	6.17284
2	254	-2083.33	4.62963
2	255	94.7653	2.858
3	128	-2520.59	3.92764
3	129	-2301.38	4.98466
3	130	-2400	5.17052
3	131	-1960.91	7.14586
3	132	-4218.8	6.70179
3	133	-3125	6.94444
3	134	-1535.08	5.26857
3	135	-1211.35	7.27957
3	136	-1833.07	5.68408
3	137	-2300	5.55556
3	138	-2244.05	6.01826
3	139	-2612	6
3	140	-2125	6.94444
3	141	-2992.62	5.68408
3	142	-2583.65	7.06759
3	143	-4778.77	6.43649
3	144	-1625	6.94444
3	145	-1625	6.94444
3	146	-3075.66	7.14586
3	147	-1779.42	7.17273
3	148	-2876.28	7.62058
3	149	-625	6.94444
3	150	-2102.24	6.56727
3	151	-2295.86	7.17273
3	152	-2685.8	6.72625
3	153	-1532.16	7.14586
3	154	-333.333	6.17284
3	155	-1521.2	7.17273
3	156	-2241.12	1.5977
3	157	-375	6.94444
3	158	-1475.07	6.72625
3	159	-1311.49	7.06759
3	160	-2553.79	2.30101
3	161	-2939.76	7.36278
3	162	-1783.6	6.07441
3	163	-2144.58	7.36278
3	164	-3156.78	6.43649
3	165	-1629.39	6.56727
3	166	-2636.36	5.05051
3	167	-4111.11	6.17284
3	168	-1677.87	7.65245
3	169	-1791	5.76837
3	170	-375	6.94444
3	171	-2130.16	4.54237
3	172	-1547.22	5.3554
3	173	-2001.87	7.77363
3	174	-1813.76	6.33172
3	175	-2811.5	6.56727
3	176	-1964	6
3	177	-595.351	5.60129
3	178	-3531.53	7.53329
3	179	-3000	6.17284
3	180	-2375	6.94444
3	181	-2084.9	7.27957
3	182	-2002.15	6.81981
3	183	-3625	6.94444
3	184	-1425.83	6.50141
3	185	-3147.88	6.81981
3	186	-2004	7.50333
3	187	-2516.31	6.74916
3	188	-2818.41	7.14586
3	189	-488.328	7.17273
3	190	-1677.35	6.63406
3	191	-1625	6.94444
3	192	-4865.1	6.72625
3	193	0	1
3	194	-1082.36	6.70179
3	195	-598.07	6.33172
3	196	-3260	6
3	197	-1303.07	6.43649
3	198	-1789.41	7.14586
3	199	-3766.34	6.50141
3	200	-3260	6
3	201	-3284.34	6.56727
3	202	-2509.11	3.42301
3	203	-2388.49	6.01826
3	204	-1392.97	6.56727
3	205	-2439.64	6.07441
3	206	-2987.17	6.79399
3	207	-960.875	6.63406
3	208	-260.922	6.27023
3	209	-2575.08	6.56727
3	210	-1628.44	5.68408
3	211	-506.493	6.72625
3	212	-1199.7	6.63406
3	213	-1998.21	6.43649
3	214	-3412.23	6.72625
3	215	-1425.83	6.50141
3	216	-1125	6.94444
3	217	-1975.29	4.19015
3	218	-978.442	5.63449
3	219	-2771.21	6.70179
3	220	-3222.22	6.17284
3	221	-1607.39	6.6109
3	222	-3047.92	6.56727
3	223	-3036.97	5.76837
3	224	-3105.43	6.33172
3	225	-2393.83	6.63406
3	226	-2192.35	6.74916
3	227	-1855.19	4.73034
3	228	-1860.22	5.76837
3	229	-3731.16	6.74916
3	230	-1802.64	5.23967
3	231	-2575.08	6.56727
3	232	-2083.33	4.62963
3	233	-1820.35	7.06759
3	234	-1256.04	6.52136
3	235	-2500	5.55556
3	236	-2443.65	6.72625
3	237	-1872.72	3.04277
3	238	-2235.63	5.70101
3	239	-3569.93	7.27957
3	240	-7614.16	2.70934
3	241	-2823.14	5.78512
3	242	-1118.83	6.35277
3	243	-2900.7	5.15661
3	244	-1628.44	5.68408
3	245	-2228.71	6.8666
3	246	-3100	5.55556
3	247	-1677.35	6.63406
3	248	-4300	5.55556
3	249	-1444.44	6.17284
3	250	-1219.19	5.68408
3	251	-3045.8	7.27957
3	252	-900	5.55556
3	253	-591.372	5.43017
3	254	-3241.32	3.76796
3	255	-2655.21	2.00649
4	128	-1427.84	4.45917
4	129	-2457.21	4.54237
4	130	-2465.52	5.31174
4	131	-2037.64	7.17273
4	132	-1625	6.94444
4	133	-1534.78	6.43649
4	134	-375	6.94444
4	135	-1772.74	5.41527
4	136	-1787.4	6.74916
4	137	-2830.14	6.50141
4	138	-3724.19	7.44735
4	139	-2953.47	6.33172
4	140	-1532.16	7.14586
4	141	-2953.47	6.33172
4	142	-1847.46	7.44735
4	143	-2125	6.94444
4	144	-2329.22	7.06759
4	145	-1303.07	6.43649
4	146	-3375	6.94444
4	147	-3625	6.94444
4	148	-4240.67	7.77363
4	149	-4065.62	6.63406
4	150	-1311.49	7.06759
4	151	-3064.19	6.50141
4	152	-3255.11	6.01826
4	153	-3966.26	6.81981
4	154	-3907.99	6.6109
4	155	-2854.76	5.90813
4	156	-2775.54	7.30609
4	157	-2362.04	6.50141
4	158	-3307.87	7.27957
4	159	-3625	6.94444
4	160	-1160.76	6.01826
4	161	-2366.74	6.07441
4	162	-3872.57	6.27023
4	163	-1766.5	6.43649
4	164	-3035.35	6.6109
4	165	-3476	6
4	166	-3625	6.94444
4	167	-1875	6.94444
4	168	-2797.36	6.6109
4	169	-2948.43	6.35277
4	170	-2446.74	7.53329
4	171	-3412.23	6.72625
4	172	-2783.74	7.27957
4	173	-3047.92	6.56727
4	174	-3307.87	7.27957
4	175	-2396	6
4	176	-4111.11	6.17284
4	177	-2171.19	4.77666
4	178	-2777.78	6.17284
4	179	-3378.62	5.22589
4	180	-2273.34	6.74916
4	181	-2288.69	6.70179
4	182	-1929.39	6.07441
4	183	-2555.56	6.17284
4	184	-2700	5.55556
4	185	-2575.08	6.56727
4	186	-1787.4	6.74916
4	187	-3144.55	5.17052
4	188	-2155.01	6.63406
4	189	-2703.99	5.3554
4	190	-1916.18	6.63406
4	191	-1929.39	6.07441
4	192	-3646.84	6.27023
4	193	-2475.41	7.14586
4	194	-1126.96	5.31174
4	195	-2446.74	7.53329
4	196	-2413.99	5.76837
4	197	-3875	6.94444
4	198	-2951.09	6.63406
4	199	-1783.6	6.07441
4	200	-1766.06	6.6109
4	201	-3409.36	6.33172
4	202	-1625	6.94444
4	203	-1532.16	7.14586
4	204	-2900	5.55556
4	205	-2518.2	6.27023
4	206	-2711.1	4.71871
4	207	-1756.96	6.63406
4	208	-2111.11	6.17284
4	209	-1625	6.94444
4	210	-1789.41	7.14586
4	211	-2115.56	7.44735
4	212	-5375	6.94444
4	213	-3247.16	7.14586
4	214	-4098.3	6.27023
4	215	-3045.8	7.27957
4	216	-3734.94	7.36278
4	217	-3734.94	7.36278
4	218	-1737.78	6.33172
4	219	-1579.35	7.44735
4	220	-3488.19	6.74916
4	221	-2992.19	5.92657
4	222	-1612.02	6.43649
4	223	-2830.14	6.50141
4	224	-2329.22	7.06759
4	225	-3045.8	7.27957
4	226	-2875	6.94444
4	227	-1126.9	7.65245
4	228	-3241.46	6.07441
4	229	-2521.68	7.27957
4	230	-1847.46	7.44735
4	231	-2658.31	6.07441
4	232	-1528.06	6.6109
4	233	-2838.09	7.06759
4	234	-2625	6.94444
4	235	-5352.71	7.68203
4	236	-2475.41	7.14586
4	237	-2295.86	7.17273
4	238	-3147.88	6.81981
4	239	-2409.64	7.36278
4	240	-20163.5	6.48603
4	241	-1532.16	7.14586
4	242	-2461.64	6.43649
4	243	-3802.73	7.53329
4	244	-1576.23	6.35277
4	245	-2521.68	7.27957
4	246	-2927.94	6.72625
4	247	-5133.67	7.14586
4	248	-2300	5.55556
4	249	-3569.93	7.27957
4	250	-3412.23	6.72625
4	251	-2428.35	7.01514
4	252	-4104.67	7.14586
4	253	-3100	5.55556
4	254	-2788.93	4.53191
4	255	-3889.74	4.73879
5	128	-3214.29	3.96825
5	129	-1909.09	5.05051
5	130	-2730.21	5.11578
5	131	-2521.68	7.27957
5	132	-2002.15	6.81981
5	133	-2247.67	6.81981
5	134	-2483.42	5.26857
5	135	-1997.55	7.27957
5	136	-3372.02	5.82044
5	137	-3000	6.17284
5	138	-2413.99	5.76837
5	139	-2688.64	5.98064
5	140	-2303.91	7.14586
5	141	-901.992	6.33172
5	142	-3229.72	6.81981
5	143	-3092.52	7.06759
5	144	-1071.36	6.43649
5	145	-4375	6.94444
5	146	-1020.1	6.81981
5	147	-1057.05	7.06759
5	148	-2393.83	6.63406
5	149	-2125	6.94444
5	150	-2871.48	6.63406
5	151	-3070.51	7.17273
5	152	-1677.35	6.63406
5	153	-3125	6.94444
5	154	-2777.78	6.17284
5	155	-4788.87	7.52801
5	156	-2600	2.22222
5	157	-2871.48	6.63406
5	158	-2443.65	6.72625
5	159	-2094.04	7.50333
5	160	-1833.76	2.55164
5	161	-2674.7	7.36278
5	162	-1712.06	5.92657
5	163	-2919.88	7.44735
5	164	-3002.25	6.74916
5	165	-489.628	6.50141
5	166	-2856.2	5.68408
5	167	97.0996	7.14586
5	168	-2346.97	7.27957
5	169	-1004.21	5.70101
5	170	-1756.64	6.81981
5	171	-2228.51	4.77666
5	172	-2575.46	5.3554
5	173	-1473.42	7.27957
5	174	-722.049	6.63406
5	175	-1576.23	6.35277
5	176	-2333.33	6.17284
5	177	-1920.66	5.78512
5	178	-1625	6.94444
5	179	-2777.78	6.17284
5	180	-2443.65	6.72625
5	181	-1717.22	6.72625
5	182	-1779.42	7.17273
5	183	-4520.52	7.77363
5	184	-2555.56	6.17284
5	185	-1875	6.94444
5	186	-815.523	6.74916
5	187	-1659.88	6.50141
5	188	-3204.82	7.36278
5	189	-1949.38	6.74916
5	190	-8939.46	6.54329
5	191	-692.749	6.81981
5	192	0	1
5	193	-2555.56	6.17284
5	194	-3875	6.94444
5	195	-2625	6.94444
5	196	-2927.94	6.72625
5	197	-2714.29	7.93651
5	198	-2554.07	7.17273
5	199	-1258.74	6.37249
5	200	-2875	6.94444
5	201	-1904.34	7.53329
5	202	-2030.37	6.74916
5	203	-2875	6.94444
5	204	-2324.34	5.82044
5	205	-4619.17	7.14586
5	206	-1900	5.55556
5	207	-2555.56	6.17284
5	208	-3533.03	6.07441
5	209	-2033.63	6.35277
5	210	-3745.2	7.92419
5	211	-2244.05	6.01826
5	212	-1514.61	4.73034
5	213	-4104.67	7.14586
5	214	-1791	5.76837
5	215	-1125	6.94444
5	216	-204.036	6.35277
5	217	399.624	5.82044
5	218	-2329.22	7.06759
5	219	-3412.23	6.72625
5	220	-3881.78	7.65245
5	221	-333.333	6.17284
5	222	-2651.77	7.44735
5	223	-1956.52	2.41546
5	224	-1978.01	7.83422
5	225	-2625	6.94444
5	226	-1703.66	7.14586
5	227	-1903.23	1.79211
5	228	-2783.74	7.27957
5	229	333.333	6.17284
5	230	-3724.19	7.44735
5	231	-1820.35	7.06759
5	232	-2228.85	7.65245
5	233	-4361.6	7.17273
5	234	-3121.27	7.77363
5	235	-1756.64	6.81981
5	236	-4265.06	7.36278
5	237	-1162.31	7.77363
5	238	-1375	6.94444
5	239	-2838.09	7.06759
5	240	-2811.5	6.56727
5	241	-2175.81	7.01514
5	242	-2083.38	6.6109
5	243	-1298.71	7.27957
5	244	-2111.11	6.17284
5	245	-2725.97	5.87317
5	246	-1444.44	6.17284
5	247	-1486.2	5.82044
5	248	-3170.09	6.72625
5	249	-1844.49	5.39957
5	250	11.3493	7.14586
5	251	-1875	6.94444
5	252	-2074.79	7.06759
5	253	123.661	5.3554
5	254	-985.255	5.23967
5	255	-1071.43	3.96825

