0	0	0	0.6103515625
0	1	29.0218919331	0.6103515625
0	2	8.5765281907	0.6103515625
0	3	-102.6839941446	0.6103515625
0	4	5.1527283258	0.6103515625
0	5	73.6044839398	0.6103515625
0	6	42.2747600619	0.6103515625
0	7	79.0125899289	0.6103515625
0	8	50.8293945583	0.6103515625
0	9	-56.4080249467	0.6103515625
0	10	52.2981062917	0.6103515625
0	11	-9.7513579233	0.6103515625
0	12	-22.5926899064	0.6103515625
0	13	45.2480557795	0.6103515625
0	14	-6.8354531664	0.6103515625
0	15	19.4020942654	0.6103515625
0	16	-4.9551712898	0.6103515625
0	17	-70.2828545017	0.6103515625
0	18	23.0304710107	0.6103515625
0	19	-68.0457585239	0.6103515625
0	20	-45.4408017186	0.6103515625
0	21	-74.5677307987	0.6103515625
0	22	7.9297033413	0.6103515625
0	23	18.6458318049	0.6103515625
0	24	-87.1149415234	0.6103515625
0	25	-193.627568041	0.6103515625
0	26	-29.1777362355	0.6103515625
0	27	-61.2612868242	0.6103515625
0	28	-166.689233552	0.6103515625
0	29	-6.8938134584	0.6103515625
0	30	37.2363408762	0.6103515625
0	31	-161.8111561203	0.6103515625
0	32	-44.2589621174	0.6103515625
0	33	-23.8863692855	0.6103515625
0	34	-56.9037230467	0.6103515625
0	35	43.6656275115	0.6103515625
0	36	79.3383765368	0.6103515625
0	37	-53.8446767252	0.6103515625
0	38	-53.0228003364	0.6103515625
0	39	-30.544370284	0.6103515625
0	40	-62.9537772336	0.6103515625
0	41	-216.8838690767	0.6103515625
0	42	-17.4813541261	0.6103515625
0	43	-21.6492419003	0.6103515625
0	44	12.311590186	0.6103515625
0	45	-122.6612088472	0.6103515625
0	46	10.3419355776	0.6103515625
0	47	-69.1059126454	0.6103515625
0	48	-28.0251518197	0.6103515625
0	49	119.5147744998	0.6103515625
0	50	-142.5866027724	0.6103515625
0	51	-51.2039380184	0.6103515625
0	52	15.0253147363	0.6103515625
0	53	-110.9838755648	0.6103515625
0	54	30.8069744691	0.6103515625
0	55	-4.6761185103	0.6103515625
0	56	-0.4504934508	0.6103515625
0	57	9.0580328591	0.6103515625
0	58	-70.418980648	0.6103515625
0	59	17.8460886918	0.6103515625
0	60	-83.2483313886	0.6103515625
0	61	-413.7147777786	0.6103515625
0	62	0	0.6103515625
0	63	0	0.6103515625
0	64	-154.4741358845	0.6103515625
0	65	-156.228516553	0.6103515625
0	66	-64.4323826306	0.6103515625
0	67	128.4970269798	0.6103515625
0	68	108.5160258992	0.6103515625
0	69	-38.2448765521	0.6103515625
0	70	-17.7232780042	0.6103515625
0	71	68.647260249	0.6103515625
0	72	-68.8335627047	0.6103515625
0	73	-0.6564157219	0.6103515625
0	74	-77.1460979198	0.6103515625
0	75	-35.8746055522	0.6103515625
0	76	-46.6745872669	0.6103515625
0	77	-1.9001479895	0.6103515625
0	78	-18.7596449223	0.6103515625
0	79	15.8575974382	0.6103515625
0	80	-51.7878312353	0.6103515625
0	81	-45.4308950068	0.6103515625
0	82	-66.4361949775	0.6103515625
0	83	123.8551546178	0.6103515625
0	84	-119.4328688477	0.6103515625
0	85	38.7976280261	0.6103515625
0	86	-43.2197732855	0.6103515625
0	87	-33.0626076096	0.6103515625
0	88	-24.0801059134	0.6103515625
0	89	-52.7551373881	0.6103515625
0	90	-131.4554978531	0.6103515625
0	91	-61.9449309087	0.6103515625
0	92	-53.7915856382	0.6103515625
0	93	-48.9547774758	0.6103515625
0	94	-111.0726470245	0.6103515625
0	95	-81.9136819118	0.6103515625
0	96	-154.6030920134	0.6103515625
0	97	-78.8423364394	0.6103515625
0	98	76.9388567041	0.6103515625
0	99	37.3676375218	0.6103515625
0	100	-133.2485999524	0.6103515625
0	101	27.5193420994	0.6103515625
0	102	-45.1733348497	0.6103515625
0	103	41.3542429065	0.6103515625
0	104	-43.2888749565	0.6103515625
0	105	35.2736974052	0.6103515625
0	106	-174.9280260293	0.6103515625
0	107	16.4795146203	0.6103515625
0	108	-51.234991436	0.6103515625
0	109	29.5386733372	0.6103515625
0	110	-2.2456313589	0.6103515625
0	111	-45.4310183291	0.6103515625
0	112	-72.7239608035	0.6103515625
0	113	-44.9472115805	0.6103515625
0	114	7.1514781866	0.6103515625
0	115	-16.5486153219	0.6103515625
0	116	-73.1133034926	0.6103515625
0	117	-100.3821545696	0.6103515625
0	118	-34.3474910711	0.6103515625
0	119	-129.4550175001	0.6103515625
0	120	-163.9663621154	0.6103515625
0	121	-145.7584686558	0.6103515625
0	122	-134.8288617615	0.6103515625
0	123	-33.1316429008	0.6103515625
0	124	83.8078876049	0.6103515625
0	125	-34.4137246935	0.6103515625
0	126	0	0.6103515625
0	127	0	0.6103515625
0	128	-75.9715640076	0.6103515625
0	129	20.3488553262	0.6103515625
0	130	-8.1188236855	0.6103515625
0	131	-152.7374790804	0.6103515625
0	132	39.9031562672	0.6103515625
0	133	95.5945515124	0.6103515625
0	134	-138.1580100875	0.6103515625
0	135	-189.4965755718	0.6103515625
0	136	80.0479076774	0.6103515625
0	137	-150.0430017547	0.6103515625
0	138	-54.7589016714	0.6103515625
0	139	37.0011297912	0.6103515625
0	140	94.4893168185	0.6103515625
0	141	59.0428180958	0.6103515625
0	142	76.3170923375	0.6103515625
0	143	0	0.6103515625
0	144	43.841663207	0.6103515625
0	145	169.655694985	0.6103515625
0	146	-58.3519128439	0.6103515625
0	147	15.3739852276	0.6103515625
0	148	-5.0094891712	0.6103515625
0	149	118.1893423923	0.6103515625
0	150	-28.2949481536	0.6103515625
0	151	-78.4589935486	0.6103515625
0	152	-62.5667972212	0.6103515625
0	153	-74.5895797811	0.6103515625
0	154	119.226186976	0.6103515625
0	155	-13.0937797904	0.6103515625
0	156	-75.6952702202	0.6103515625
0	157	76.1787528266	0.6103515625
0	158	63.7414398858	0.6103515625
0	159	-71.8948001839	0.6103515625
0	160	-16.1340434731	0.6103515625
0	161	-74.8659438334	0.6103515625
0	162	-102.2280565483	0.6103515625
0	163	-48.8857591552	0.6103515625
0	164	62.3595228066	0.6103515625
0	165	-19.9343423229	0.6103515625
0	166	-103.9553574977	0.6103515625
0	167	104.2318169023	0.6103515625
0	168	166.8334989179	0.6103515625
0	169	54.9661610386	0.6103515625
0	170	-30.1605690277	0.6103515625
0	171	-142.5114599482	0.6103515625
0	172	-40.0413744936	0.6103515625
0	173	155.8473104424	0.6103515625
0	174	0	0.6103515625
0	175	-94.1441478688	0.6103515625
0	176	-43.7034955992	0.6103515625
0	177	-78.8735103515	0.6103515625
0	178	-43.7034877747	0.6103515625
0	179	116.9457535919	0.6103515625
0	180	-29.6078472501	0.6103515625
0	181	48.6093469042	0.6103515625
0	182	92.4855437891	0.6103515625
0	183	-18.4832739214	0.6103515625
0	184	101.0535587979	0.6103515625
0	185	67.8462729391	0.6103515625
0	186	54.569313277	0.6103515625
0	187	-49.5075564715	0.6103515625
0	188	-135.5732460256	0.6103515625
0	189	93.1502833511	0.6103515625
0	190	0	0.6103515625
0	191	0	0.6103515625
0	192	-838.548457598	0.6103515625
0	193	0	0.6103515625
0	194	-114.5004642462	0.6103515625
0	195	-87.7231227734	0.6103515625
0	196	-159.6468957946	0.6103515625
0	197	101.5056574865	0.6103515625
0	198	-110.3130537864	0.6103515625
0	199	-182.7254564968	0.6103515625
0	200	-139.2635792458	0.6103515625
0	201	-93.5215620777	0.6103515625
0	202	-92.4163055775	0.6103515625
0	203	-154.7412180606	0.6103515625
0	204	-94.8347815503	0.6103515625
0	205	-55.3807510545	0.6103515625
0	206	-127.7942111537	0.6103515625
0	207	-261.9788108023	0.6103515625
0	208	86.7501489849	0.6103515625
0	209	-160.7524080029	0.6103515625
0	210	-182.1036916814	0.6103515625
0	211	6.1150290529	0.6103515625
0	212	53.5151232501	0.6103515625
0	213	-88.7540274123	0.6103515625
0	214	121.9901766716	0.6103515625
0	215	-155.7774939975	0.6103515625
0	216	28.640495149	0.6103515625
0	217	69.4763878147	0.6103515625
0	218	-17.3086326458	0.6103515625
0	219	18.9669619731	0.6103515625
0	220	43.2888625702	0.6103515625
0	221	17.1704819579	0.6103515625
0	222	-150.8721617626	0.6103515625
0	223	-64.8469902121	0.6103515625
0	224	19.8652147847	0.6103515625
0	225	-232.5435841128	0.6103515625
0	226	-123.4403845919	0.6103515625
0	227	-87.4417690765	0.6103515625
0	228	-91.7254879198	0.6103515625
0	229	-50.1294852287	0.6103515625
0	230	-179.9619791713	0.6103515625
0	231	-65.5378852816	0.6103515625
0	232	-1.2091884765	0.6103515625
0	233	3.7657582769	0.6103515625
0	234	-160.6148492986	0.6103515625
0	235	-30.4369406164	0.6103515625
0	236	-283.2602984518	0.6103515625
0	237	64.2251390616	0.6103515625
0	238	-158.4725173612	0.6103515625
0	239	77.6295816468	0.6103515625
0	240	0	0.6103515625
0	241	-98.151365834	0.6103515625
0	242	-68.5782619369	0.6103515625
0	243	84.6087104397	0.6103515625
0	244	90.688715907	0.6103515625
0	245	20.1416366888	0.6103515625
0	246	79.9099457722	0.6103515625
0	247	45.7073084011	0.6103515625
0	248	33.5463240152	0.6103515625
0	249	54.7588881054	0.6103515625
0	250	61.8758434936	0.6103515625
0	251	-48.5402289034	0.6103515625
0	252	-159.647306895	0.6103515625
0	253	-7.0132793781	0.6103515625
0	254	-56.4171947506	0.6103515625
0	255	0	0.6103515625
1	0	0	0.6103515625
1	1	0	0.6103515625
1	2	-1.1416058608	0.6103515625
1	3	-63.6309856863	0.6103515625
1	4	36.2247349324	0.6103515625
1	5	-92.3562677173	0.6103515625
1	6	76.4847263904	0.6103515625
1	7	17.9052395002	0.6103515625
1	8	-1072.7171180286	0.6103515625
1	9	59.6214641505	0.6103515625
1	10	104.5775168857	0.6103515625
1	11	-336.6294880421	0.6103515625
1	12	-66.1003710877	0.6103515625
1	13	-86.8050323142	0.6103515625
1	14	-188.3958110301	0.6103515625
1	15	-94.9303980308	0.6103515625
1	16	-63.099661782	0.6103515625
1	17	-230.243808373	0.6103515625
1	18	-16.4071213245	0.6103515625
1	19	-51.6172957764	0.6103515625
1	20	-151.4927009169	0.6103515625
1	21	-131.2427158295	0.6103515625
1	22	18.9209096307	0.6103515625
1	23	-87.5626683222	0.6103515625
1	24	17.2816061868	0.6103515625
1	25	-6.5582415698	0.6103515625
1	26	-79.0614216493	0.6103515625
1	27	-77.5700791041	0.6103515625
1	28	-85.2811668419	0.6103515625
1	29	-176.9267671911	0.6103515625
1	30	-139.724901767	0.6103515625
1	31	-42.6832404749	0.6103515625
1	32	-83.3553181634	0.6103515625
1	33	-47.1041203158	0.6103515625
1	34	-131.6331427245	0.6103515625
1	35	-119.5341715058	0.6103515625
1	36	-108.2394884492	0.6103515625
1	37	-63.8915046675	0.6103515625
1	38	-59.9579200924	0.6103515625
1	39	-139.3124834632	0.6103515625
1	40	-85.5747311667	0.6103515625
1	41	-187.4511224861	0.6103515625
1	42	-58.9754855404	0.6103515625
1	43	-26.7703323713	0.6103515625
1	44	-11.1383290632	0.6103515625
1	45	9.364368773	0.6103515625
1	46	-126.1353968715	0.6103515625
1	47	-84.722407302	0.6103515625
1	48	-84.6195601194	0.6103515625
1	49	55.7073852249	0.6103515625
1	50	-104.225142635	0.6103515625
1	51	-41.4194659081	0.6103515625
1	52	18.0649071926	0.6103515625
1	53	36.9980181168	0.6103515625
1	54	9.3935897747	0.6103515625
1	55	21.3477163505	0.6103515625
1	56	-54.3164147615	0.6103515625
1	57	35.5644061614	0.6103515625
1	58	14.4563244991	0.6103515625
1	59	40.0082104091	0.6103515625
1	60	16.5475854368	0.6103515625
1	61	-65.3221962094	0.6103515625
1	62	15.0398882715	0.6103515625
1	63	0	0.6103515625
1	64	-111.5928814117	0.6103515625
1	65	0	0.6103515625
1	66	-21.3574091238	0.6103515625
1	67	9.2243692827	0.6103515625
1	68	-239.5918116661	0.6103515625
1	69	-7.5660533052	0.6103515625
1	70	-43.6024168505	0.6103515625
1	71	-57.7992164171	0.6103515625
1	72	-157.7812918089	0.6103515625
1	73	-113.9058569326	0.6103515625
1	74	-178.7176923573	0.6103515625
1	75	-79.4953725671	0.6103515625
1	76	20.6252500438	0.6103515625
1	77	-243.9452300361	0.6103515625
1	78	-7.22056741	0.6103515625
1	79	-79.4266608333	0.6103515625
1	80	20.6252812174	0.6103515625
1	81	16.2721413381	0.6103515625
1	82	-80.6701214785	0.6103515625
1	83	-91.3799530424	0.6103515625
1	84	-3.9730439845	0.6103515625
1	85	-76.9387886672	0.6103515625
1	86	20.2107210752	0.6103515625
1	87	-49.1620538074	0.6103515625
1	88	-42.390650181	0.6103515625
1	89	-17.861401331	0.6103515625
1	90	81.0842618736	0.6103515625
1	91	-11.7809195911	0.6103515625
1	92	16.6867300291	0.6103515625
1	93	-121.091788728	0.6103515625
1	94	-68.7855346687	0.6103515625
1	95	-100.3623778851	0.6103515625
1	96	-51.6495787689	0.6103515625
1	97	-78.9395647844	0.6103515625
1	98	-39.8340825656	0.6103515625
1	99	-72.7239432797	0.6103515625
1	100	-53.6161233254	0.6103515625
1	101	11.8058184654	0.6103515625
1	102	-127.448764725	0.6103515625
1	103	-129.2946327254	0.6103515625
1	104	-3.4893700348	0.6103515625
1	105	14.6460327572	0.6103515625
1	106	61.6685758583	0.6103515625
1	107	0	0.6103515625
1	108	-41.0778253174	0.6103515625
1	109	58.0754882261	0.6103515625
1	110	80.462904184	0.6103515625
1	111	-31.4392300776	0.6103515625
1	112	-143.6170586559	0.6103515625
1	113	-150.7337326497	0.6103515625
1	114	185.8351566761	0.6103515625
1	115	-18.4141694555	0.6103515625
1	116	42.2524529659	0.6103515625
1	117	-35.9646600274	0.6103515625
1	118	168.1459218552	0.6103515625
1	119	-710.333529747	0.6103515625
1	120	33.8757443635	0.6103515625
1	121	20.9016478535	0.6103515625
1	122	-98.9807442576	0.6103515625
1	123	34.2372246207	0.6103515625
1	124	31.9790099071	0.6103515625
1	125	-13.8824085712	0.6103515625
1	126	0	0.6103515625
1	127	0	0.6103515625
1	128	-63.5342198354	0.6103515625
1	129	-178.8557639677	0.6103515625
1	130	17.7923587179	0.6103515625
1	131	-138.0145431705	0.6103515625
1	132	0	0.6103515625
1	133	8.1680289188	0.6103515625
1	134	-3.1438893755	0.6103515625
1	135	-161.9181572512	0.6103515625
1	136	-141.5437560765	0.6103515625
1	137	-98.154993336	0.6103515625
1	138	37.0010586244	0.6103515625
1	139	-185.5495349791	0.6103515625
1	140	4.9484672466	0.6103515625
1	141	-144.7359828159	0.6103515625
1	142	-212.2098772413	0.6103515625
1	143	0	0.6103515625
1	144	-29.5716123434	0.6103515625
1	145	-116.8929412513	0.6103515625
1	146	31.3127215907	0.6103515625
1	147	-84.4301476662	0.6103515625
1	148	89.2402811818	0.6103515625
1	149	-73.7843959895	0.6103515625
1	150	0	0.6103515625
1	151	-35.2180179411	0.6103515625
1	152	-31.5801916738	0.6103515625
1	153	5.6244817037	0.6103515625
1	154	-60.6320479243	0.6103515625
1	155	32.8398409637	0.6103515625
1	156	-38.5058181486	0.6103515625
1	157	17.5397230725	0.6103515625
1	158	-9.1503733467	0.6103515625
1	159	89.979093166	0.6103515625
1	160	59.9511818302	0.6103515625
1	161	-241.1377883065	0.6103515625
1	162	0	0.6103515625
1	163	-100.6448971766	0.6103515625
1	164	-156.1920284596	0.6103515625
1	165	40.3050980888	0.6103515625
1	166	-32.0261641407	0.6103515625
1	167	-102.9190195324	0.6103515625
1	168	-111.4413996775	0.6103515625
1	169	-177.958009327	0.6103515625
1	170	48.2275299132	0.6103515625
1	171	-31.473449362	0.6103515625
1	172	-268.8886225431	0.6103515625
1	173	-168.9700389036	0.6103515625
1	174	0	0.6103515625
1	175	-154.119787855	0.6103515625
1	176	52.6169557359	0.6103515625
1	177	3.5584603363	0.6103515625
1	178	-169.7145208275	0.6103515625
1	179	225.5455387387	0.6103515625
1	180	4.8998361047	0.6103515625
1	181	119.0530181081	0.6103515625
1	182	-8.873222321	0.6103515625
1	183	-2.132582596	0.6103515625
1	184	115.312918443	0.6103515625
1	185	-24.8249887855	0.6103515625
1	186	37.5135351202	0.6103515625
1	187	-6.8451708839	0.6103515625
1	188	103.7912161341	0.6103515625
1	189	37.1536136749	0.6103515625
1	190	0	0.6103515625
1	191	-593.9159310283	0.6103515625
1	192	-92.4166753485	0.6103515625
1	193	0	0.6103515625
1	194	4.4567154886	0.6103515625
1	195	-86.6815288034	0.6103515625
1	196	-149.9737572322	0.6103515625
1	197	-3.0747878471	0.6103515625
1	198	37.001118617	0.6103515625
1	199	-12.7946427221	0.6103515625
1	200	-12.1955570356	0.6103515625
1	201	-13.6465419751	0.6103515625
1	202	33.1317426781	0.6103515625
1	203	54.067905602	0.6103515625
1	204	-9.224346127	0.6103515625
1	205	-210.7096938504	0.6103515625
1	206	-58.144655863	0.6103515625
1	207	-57.6609088792	0.6103515625
1	208	-62.3594326714	0.6103515625
1	209	0	0.6103515625
1	210	48.8166575869	0.6103515625
1	211	-20.4179666112	0.6103515625
1	212	-65.19245723	0.6103515625
1	213	105.890058834	0.6103515625
1	214	-87.7869667012	0.6103515625
1	215	-151.770103719	0.6103515625
1	216	38.5212349861	0.6103515625
1	217	72.9312920115	0.6103515625
1	218	23.9418873654	0.6103515625
1	219	-48.7474628369	0.6103515625
1	220	-113.214223081	0.6103515625
1	221	38.9357742026	0.6103515625
1	222	-220.7974456374	0.6103515625
1	223	-139.9889650897	0.6103515625
1	224	-134.4961276843	0.6103515625
1	225	-41.9760432291	0.6103515625
1	226	-118.8110242369	0.6103515625
1	227	-601.8597436884	0.6103515625
1	228	120.331460969	0.6103515625
1	229	2.9365961668	0.6103515625
1	230	-111.4871285968	0.6103515625
1	231	28.7095307392	0.6103515625
1	232	34.5136082555	0.6103515625
1	233	100.984071811	0.6103515625
1	234	-177.3358067729	0.6103515625
1	235	23.5273691712	0.6103515625
1	236	11.8500092789	0.6103515625
1	237	-122.6808218893	0.6103515625
1	238	-52.7550934708	0.6103515625
1	239	108.4467331051	0.6103515625
1	240	0	0.6103515625
1	241	-201.8648294272	0.6103515625
1	242	193.1594996612	0.6103515625
1	243	-17.9995809859	0.6103515625
1	244	11.2972459975	0.6103515625
1	245	-88.132395349	0.6103515625
1	246	141.7516204889	0.6103515625
1	247	26.4293445205	0.6103515625
1	248	78.7349583792	0.6103515625
1	249	-36.3101579208	0.6103515625
1	250	36.5865384368	0.6103515625
1	251	109.275897991	0.6103515625
1	252	11.3663606416	0.6103515625
1	253	38.5903739418	0.6103515625
1	254	-19.8651640162	0.6103515625
1	255	-225.0355777623	0.6103515625
2	0	0	0.6103515625
2	1	0	0.6103515625
2	2	-302.9995414495	0.6103515625
2	3	-67.8365547869	0.6103515625
2	4	33.1218587246	0.6103515625
2	5	-54.7784784239	0.6103515625
2	6	-82.3977827001	0.6103515625
2	7	47.4571960564	0.6103515625
2	8	-27.9715743392	0.6103515625
2	9	-33.9389220033	0.6103515625
2	10	-69.407386809	0.6103515625
2	11	41.5646756458	0.6103515625
2	12	-16.3286882526	0.6103515625
2	13	-54.1462522549	0.6103515625
2	14	-86.197851314	0.6103515625
2	15	-76.2793977582	0.6103515625
2	16	-34.0990564015	0.6103515625
2	17	-0.1036446657	0.6103515625
2	18	-154.9483808525	0.6103515625
2	19	-83.8481504445	0.6103515625
2	20	-104.3008741282	0.6103515625
2	21	-106.8578116984	0.6103515625
2	22	-89.0999447617	0.6103515625
2	23	-69.2691361392	0.6103515625
2	24	-37.692064096	0.6103515625
2	25	-114.5961899677	0.6103515625
2	26	-19.3815442566	0.6103515625
2	27	-79.2189046308	0.6103515625
2	28	-118.3969170512	0.6103515625
2	29	-148.7302064631	0.6103515625
2	30	-29.6078290968	0.6103515625
2	31	-71.3420729716	0.6103515625
2	32	-24.6328890252	0.6103515625
2	33	-159.1640235723	0.6103515625
2	34	-199.7921358223	0.6103515625
2	35	-149.2138344323	0.6103515625
2	36	-126.9643072339	0.6103515625
2	37	-60.2174913537	0.6103515625
2	38	78.2514485889	0.6103515625
2	39	-116.1860464322	0.6103515625
2	40	-31.1279047036	0.6103515625
2	41	17.9995981734	0.6103515625
2	42	-188.0458637155	0.6103515625
2	43	29.5327582746	0.6103515625
2	44	-137.5362051988	0.6103515625
2	45	26.8724795555	0.6103515625
2	46	-64.5927288343	0.6103515625
2	47	12.9555414147	0.6103515625
2	48	-82.673756849	0.6103515625
2	49	11.0714431757	0.6103515625
2	50	-63.5713803522	0.6103515625
2	51	30.8020744061	0.6103515625
2	52	88.1409776919	0.6103515625
2	53	-94.4735033568	0.6103515625
2	54	65.2395158507	0.6103515625
2	55	-63.4059887423	0.6103515625
2	56	-67.6955442716	0.6103515625
2	57	22.6170245748	0.6103515625
2	58	24.2754187981	0.6103515625
2	59	-41.5744396147	0.6103515625
2	60	107.9643222108	0.6103515625
2	61	-71.4451136524	0.6103515625
2	62	-72.2962875942	0.6103515625
2	63	-53.5420630085	0.6103515625
2	64	-113.6055347572	0.6103515625
2	65	-132.1255502661	0.6103515625
2	66	-112.0927294332	0.6103515625
2	67	-131.4585795716	0.6103515625
2	68	-7.560097696	0.6103515625
2	69	94.4930882163	0.6103515625
2	70	-94.4927609664	0.6103515625
2	71	-108.5161590502	0.6103515625
2	72	-73.8295144613	0.6103515625
2	73	81.8038330476	0.6103515625
2	74	-64.1560687074	0.6103515625
2	75	9.8586851591	0.6103515625
2	76	-19.2433655259	0.6103515625
2	77	72.8945064997	0.6103515625
2	78	38.4521405566	0.6103515625
2	79	173.6829748127	0.6103515625
2	80	40.1104973481	0.6103515625
2	81	55.795312754	0.6103515625
2	82	-88.6849522366	0.6103515625
2	83	-41.1468863044	0.6103515625
2	84	-16.4103746097	0.6103515625
2	85	79.2884646149	0.6103515625
2	86	28.087707063	0.6103515625
2	87	263.863641383	0.6103515625
2	88	108.5185181913	0.6103515625
2	89	-114.3106646713	0.6103515625
2	90	3.1438883921	0.6103515625
2	91	-93.5223014389	0.6103515625
2	92	41.7688244996	0.6103515625
2	93	64.4324148886	0.6103515625
2	94	-89.9289052068	0.6103515625
2	95	-8.4643072718	0.6103515625
2	96	52.9838768163	0.6103515625
2	97	-9.4316653559	0.6103515625
2	98	22.9745354941	0.6103515625
2	99	-38.6594564341	0.6103515625
2	100	17.7232222383	0.6103515625
2	101	192.6694405105	0.6103515625
2	102	-23.9418791127	0.6103515625
2	103	124.0628507961	0.6103515625
2	104	130.558006331	0.6103515625
2	105	79.7272040992	0.6103515625
2	106	11.2757220705	0.6103515625
2	107	1.2782840332	0.6103515625
2	108	39.3504230157	0.6103515625
2	109	33.5839521587	0.6103515625
2	110	139.6090375318	0.6103515625
2	111	0.3136865406	0.6103515625
2	112	-65.89610394	0.6103515625
2	113	119.5583822283	0.6103515625
2	114	-78.6480483672	0.6103515625
2	115	83.5696159221	0.6103515625
2	116	-122.7437357061	0.6103515625
2	117	-104.7444190124	0.6103515625
2	118	-153.786496294	0.6103515625
2	119	-157.1474212619	0.6103515625
2	120	64.7860618779	0.6103515625
2	121	-44.190973892	0.6103515625
2	122	-82.9910728211	0.6103515625
2	123	-156.2183345118	0.6103515625
2	124	-42.6541117492	0.6103515625
2	125	11.2192638891	0.6103515625
2	126	-117.0837966415	0.6103515625
2	127	0	0.6103515625
2	128	-143.2029205275	0.6103515625
2	129	-12.6791817254	0.6103515625
2	130	12.2646053255	0.6103515625
2	131	-32.3716471047	0.6103515625
2	132	-78.1829095205	0.6103515625
2	133	-60.4248287952	0.6103515625
2	134	-34.9282124287	0.6103515625
2	135	-130.2812056643	0.6103515625
2	136	-78.2514194114	0.6103515625
2	137	20.9016606824	0.6103515625
2	138	62.4977021486	0.6103515625
2	139	-42.2524238264	0.6103515625
2	140	-149.4900782588	0.6103515625
2	141	80.8773558805	0.6103515625
2	142	-11.8500638624	0.6103515625
2	143	97.2535273711	0.6103515625
2	144	98.9114850961	0.6103515625
2	145	-21.9381306116	0.6103515625
2	146	-176.4373014693	0.6103515625
2	147	-39.5577012534	0.6103515625
2	148	-148.24595721	0.6103515625
2	149	-7.3587652121	0.6103515625
2	150	-190.256992758	0.6103515625
2	151	-144.5841667776	0.6103515625
2	152	-154.5342282795	0.6103515625
2	153	-211.9535324977	0.6103515625
2	154	71.8256686926	0.6103515625
2	155	-33.8226266092	0.6103515625
2	156	-16.6176610423	0.6103515625
2	157	-41.8378644096	0.6103515625
2	158	16.8940677485	0.6103515625
2	159	16.0648962537	0.6103515625
2	160	-112.5236034443	0.6103515625
2	161	-84.1248641883	0.6103515625
2	162	-96.8388954946	0.6103515625
2	163	-8.8097777613	0.6103515625
2	164	-129.0371882309	0.6103515625
2	165	-91.5871139223	0.6103515625
2	166	-172.2921101553	0.6103515625
2	167	-146.7951430696	0.6103515625
2	168	-8.0496941691	0.6103515625
2	169	-250.9924591781	0.6103515625
2	170	109.2756786233	0.6103515625
2	171	-86.8884911687	0.6103515625
2	172	-209.5349334422	0.6103515625
2	173	-50.9585482904	0.6103515625
2	174	-159.2327145878	0.6103515625
2	175	52.3404926622	0.6103515625
2	176	-165.0368475184	0.6103515625
2	177	-88.0634622941	0.6103515625
2	178	-111.9019774441	0.6103515625
2	179	-58.2137220504	0.6103515625
2	180	-107.4792096004	0.6103515625
2	181	66.228845018	0.6103515625
2	182	-130.4885102388	0.6103515625
2	183	-72.3785385074	0.6103515625
2	184	-5.0785823204	0.6103515625
2	185	-94.3513697768	0.6103515625
2	186	-79.5644613817	0.6103515625
2	187	-119.7790866381	0.6103515625
2	188	-88.7546388265	0.6103515625
2	189	-35.8956306834	0.6103515625
2	190	0	0.6103515625
2	191	-215.6394644707	0.6103515625
2	192	-22.0305238146	0.6103515625
2	193	0	0.6103515625
2	194	-100.293453074	0.6103515625
2	195	140.5726199848	0.6103515625
2	196	90.6199727687	0.6103515625
2	197	-164.6225459699	0.6103515625
2	198	24.1491749862	0.6103515625
2	199	121.2299376707	0.6103515625
2	200	49.2311688806	0.6103515625
2	201	-54.3443022215	0.6103515625
2	202	58.4210464276	0.6103515625
2	203	-100.2246631723	0.6103515625
2	204	14.890233709	0.6103515625
2	205	45.1545065879	0.6103515625
2	206	-48.1947508831	0.6103515625
2	207	-50.6822143131	0.6103515625
2	208	-103.8176806687	0.6103515625
2	209	99.3949077473	0.6103515625
2	210	-80.0481679538	0.6103515625
2	211	-27.6730876002	0.6103515625
2	212	-75.5569310032	0.6103515625
2	213	100.0168542438	0.6103515625
2	214	-16.7558486162	0.6103515625
2	215	-59.6647239095	0.6103515625
2	216	-56.417217339	0.6103515625
2	217	72.1020795522	0.6103515625
2	218	25.8765951339	0.6103515625
2	219	-211.0547089092	0.6103515625
2	220	-69.1309525912	0.6103515625
2	221	5.6313588806	0.6103515625
2	222	183.6139331656	0.6103515625
2	223	51.7186893827	0.6103515625
2	224	19.5888386338	0.6103515625
2	225	-20.8325505769	0.6103515625
2	226	31.8189005037	0.6103515625
2	227	-81.706545974	0.6103515625
2	228	26.9821248214	0.6103515625
2	229	28.2258519081	0.6103515625
2	230	-0.4491266215	0.6103515625
2	231	-20.0724954287	0.6103515625
2	232	-77.0769860171	0.6103515625
2	233	-78.4589340015	0.6103515625
2	234	-35.4810086778	0.6103515625
2	235	28.847794786	0.6103515625
2	236	-88.8234345263	0.6103515625
2	237	69.061928601	0.6103515625
2	238	-150.7342100388	0.6103515625
2	239	-46.6055935944	0.6103515625
2	240	0	0.6103515625
2	241	154.5337497035	0.6103515625
2	242	119.0876837823	0.6103515625
2	243	16.7558635591	0.6103515625
2	244	-108.1011679619	0.6103515625
2	245	-87.5105952653	0.6103515625
2	246	33.8226690052	0.6103515625
2	247	-47.7110440513	0.6103515625
2	248	-66.0215343017	0.6103515625
2	249	-63.2577206194	0.6103515625
2	250	144.7917576805	0.6103515625
2	251	181.0168433036	0.6103515625
2	252	7.7733484793	0.6103515625
2	253	124.8916720314	0.6103515625
2	254	-17.9995906863	0.6103515625
2	255	0	0.6103515625
3	0	0	0.6103515625
3	1	0	0.6103515625
3	2	7.5659174206	0.6103515625
3	3	-122.0771829775	0.6103515625
3	4	51.4130231976	0.6103515625
3	5	-126.7513833137	0.6103515625
3	6	-7.3587619893	0.6103515625
3	7	14.9426694917	0.6103515625
3	8	0.0024674298	0.6103515625
3	9	21.8690001188	0.6103515625
3	10	39.4788556455	0.6103515625
3	11	-67.6108901362	0.6103515625
3	12	-40.0413677812	0.6103515625
3	13	49.9221396628	0.6103515625
3	14	8.4643241586	0.6103515625
3	15	51.3886570828	0.6103515625
3	16	-25.7198938684	0.6103515625
3	17	-219.5537722722	0.6103515625
3	18	29.1241136083	0.6103515625
3	19	-17.8614193414	0.6103515625
3	20	-110.1049187815	0.6103515625
3	21	-77.6297877145	0.6103515625
3	22	-33.6153645177	0.6103515625
3	23	1.2782871319	0.6103515625
3	24	19.237607515	0.6103515625
3	25	132.4920201098	0.6103515625
3	26	-50.4749258598	0.6103515625
3	27	-73.138767093	0.6103515625
3	28	-15.5121211534	0.6103515625
3	29	-107.6178878639	0.6103515625
3	30	25.2547608271	0.6103515625
3	31	-80.1173116784	0.6103515625
3	32	-48.7475372555	0.6103515625
3	33	-57.3845876095	0.6103515625
3	34	-22.3526726695	0.6103515625
3	35	-20.210700515	0.6103515625
3	36	6.3914265551	0.6103515625
3	37	-114.3888276107	0.6103515625
3	38	-51.0276918962	0.6103515625
3	39	35.8955999865	0.6103515625
3	40	-106.4428205477	0.6103515625
3	41	-39.4194978975	0.6103515625
3	42	-57.3154825297	0.6103515625
3	43	12.3337305632	0.6103515625
3	44	-99.9252402132	0.6103515625
3	45	-12.2094580689	0.6103515625
3	46	-147.5553853224	0.6103515625
3	47	-179.6849863098	0.6103515625
3	48	10.1917282804	0.6103515625
3	49	90.0668535035	0.6103515625
3	50	125.2773205954	0.6103515625
3	51	-46.3161615854	0.6103515625
3	52	16.1339523438	0.6103515625
3	53	76.9699732599	0.6103515625
3	54	117.4296206892	0.6103515625
3	55	110.2107224544	0.6103515625
3	56	128.4848583086	0.6103515625
3	57	147.6246667028	0.6103515625
3	58	84.1248333636	0.6103515625
3	59	166.5284958109	0.6103515625
3	60	43.4711312998	0.6103515625
3	61	134.580899489	0.6103515625
3	62	-24.771081191	0.6103515625
3	63	-109.2762180618	0.6103515625
3	64	-75.6177396865	0.6103515625
3	65	51.8568562359	0.6103515625
3	66	34.8591251947	0.6103515625
3	67	12.4718777091	0.6103515625
3	68	-20.6814319643	0.6103515625
3	69	-144.5145419999	0.6103515625
3	70	-105.2311655392	0.6103515625
3	71	-93.245660251	0.6103515625
3	72	6.3223191037	0.6103515625
3	73	-115.6323477463	0.6103515625
3	74	4.3185238907	0.6103515625
3	75	-6.4605191698	0.6103515625
3	76	-88.5471851076	0.6103515625
3	77	20.7634873427	0.6103515625
3	78	-54.1370479661	0.6103515625
3	79	-132.837536149	0.6103515625
3	80	0.7255118673	0.6103515625
3	81	-35.826486943	0.6103515625
3	82	16.8249334267	0.6103515625
3	83	74.6208848996	0.6103515625
3	84	-183.4162655127	0.6103515625
3	85	-16.5427313441	0.6103515625
3	86	-144.0312415138	0.6103515625
3	87	-81.3613195303	0.6103515625
3	88	52.1668248147	0.6103515625
3	89	-91.725689504	0.6103515625
3	90	-47.987441754	0.6103515625
3	91	-7.6351615949	0.6103515625
3	92	87.6488610617	0.6103515625
3	93	-185.2128424956	0.6103515625
3	94	-33.6154511123	0.6103515625
3	95	-43.5652913933	0.6103515625
3	96	-109.1375817343	0.6103515625
3	97	-121.5060838852	0.6103515625
3	98	113.4302383764	0.6103515625
3	99	164.8071670621	0.6103515625
3	100	-17.9142087301	0.6103515625
3	101	28.7095308905	0.6103515625
3	102	-0.587319522	0.6103515625
3	103	64.5705321973	0.6103515625
3	104	0.0345482332	0.6103515625
3	105	56.5924220849	0.6103515625
3	106	29.2214665176	0.6103515625
3	107	-67.7149858708	0.6103515625
3	108	-3.627562378	0.6103515625
3	109	143.7485528269	0.6103515625
3	110	78.2730648466	0.6103515625
3	111	-75.695180841	0.6103515625
3	112	-78.7791588676	0.6103515625
3	113	68.7854684077	0.6103515625
3	114	77.7678192077	0.6103515625
3	115	-73.8427903019	0.6103515625
3	116	-60.1483694088	0.6103515625
3	117	-19.8651574785	0.6103515625
3	118	-211.2620709815	0.6103515625
3	119	36.4232474463	0.6103515625
3	120	-99.7742449403	0.6103515625
3	121	-101.0823584917	0.6103515625
3	122	-28.2949915634	0.6103515625
3	123	-98.6067684788	0.6103515625
3	124	-169.6945107733	0.6103515625
3	125	17.850936722	0.6103515625
3	126	0	0.6103515625
3	127	0	0.6103515625
3	128	-83.9866426281	0.6103515625
3	129	-31.0588018951	0.6103515625
3	130	-31.1279328839	0.6103515625
3	131	14.6138569809	0.6103515625
3	132	-200.0686489788	0.6103515625
3	133	-86.4050235079	0.6103515625
3	134	55.4498992907	0.6103515625
3	135	69.200038887	0.6103515625
3	136	7.4969520484	0.6103515625
3	137	-43.841650751	0.6103515625
3	138	-21.6616948863	0.6103515625
3	139	-56.8318156033	0.6103515625
3	140	-8.1188270926	0.6103515625
3	141	-109.0686104469	0.6103515625
3	142	-59.8720605614	0.6103515625
3	143	-268.4053711474	0.6103515625
3	144	36.3792845476	0.6103515625
3	145	39.0049658868	0.6103515625
3	146	-97.4607402574	0.6103515625
3	147	22.2145362377	0.6103515625
3	148	-75.833622868	0.6103515625
3	149	119.6402313247	0.6103515625
3	150	-1.9001531268	0.6103515625
3	151	-37.3465527577	0.6103515625
3	152	-63.2578153499	0.6103515625
3	153	47.089207775	0.6103515625
3	154	168.9061875922	0.6103515625
3	155	43.4961749446	0.6103515625
3	156	0	0.6103515625
3	157	158.1270864173	0.6103515625
3	158	47.0200790217	0.6103515625
3	159	63.465057648	0.6103515625
3	160	-226.1389160215	0.6103515625
3	161	-82.8121031853	0.6103515625
3	162	20.2798014115	0.6103515625
3	163	-5.769551385	0.6103515625
3	164	-98.9802697937	0.6103515625
3	165	38.244888825	0.6103515625
3	166	-58.075480405	0.6103515625
3	167	-216.0296830621	0.6103515625
3	168	12.1955254424	0.6103515625
3	169	26.8439657343	0.6103515625
3	170	129.2449225141	0.6103515625
3	171	-8.9479814317	0.6103515625
3	172	51.0967104874	0.6103515625
3	173	2.9365960203	0.6103515625
3	174	17.7232010073	0.6103515625
3	175	-63.8795932289	0.6103515625
3	176	20.1415877465	0.6103515625
3	177	143.3406575893	0.6103515625
3	178	-134.9108181573	0.6103515625
3	179	-83.7794104878	0.6103515625
3	180	-44.3944186203	0.6103515625
3	181	-11.0899961102	0.6103515625
3	182	-7.7733465627	0.6103515625
3	183	-129.176035589	0.6103515625
3	184	53.515158996	0.6103515625
3	185	-111.4868016396	0.6103515625
3	186	-10.4680930009	0.6103515625
3	187	-54.4133877997	0.6103515625
3	188	-76.1099419606	0.6103515625
3	189	117.6368450774	0.6103515625
3	190	0	0.6103515625
3	191	-7.729485429	0.6103515625
3	192	-254.176273622	0.6103515625
3	193	0	0.6103515625
3	194	79.382202119	0.6103515625
3	195	131.6442023179	0.6103515625
3	196	-136.4304775684	0.6103515625
3	197	54.4963300406	0.6103515625
3	198	9.5007741608	0.6103515625
3	199	-169.1136716798	0.6103515625
3	200	-120.6080622582	0.6103515625
3	201	-108.7922479461	0.6103515625
3	202	-90.3433959437	0.6103515625
3	203	-37.0011001143	0.6103515625
3	204	53.6533698568	0.6103515625
3	205	-44.1180003974	0.6103515625
3	206	-96.1477930224	0.6103515625
3	207	101.8138683853	0.6103515625
3	208	167.6627649941	0.6103515625
3	209	-44.5326822638	0.6103515625
3	210	42.5979289084	0.6103515625
3	211	134.0123528452	0.6103515625
3	212	73.2076346483	0.6103515625
3	213	1.9692491656	0.6103515625
3	214	-117.8441205237	0.6103515625
3	215	52.4787774849	0.6103515625
3	216	88.1322409704	0.6103515625
3	217	10.4681106542	0.6103515625
3	218	115.2869134698	0.6103515625
3	219	-72.6548703474	0.6103515625
3	220	-118.949894812	0.6103515625
3	221	51.0276958299	0.6103515625
3	222	-87.7176962125	0.6103515625
3	223	-113.3526800278	0.6103515625
3	224	-108.1016376884	0.6103515625
3	225	-43.8416556911	0.6103515625
3	226	-7.3587614559	0.6103515625
3	227	23.8727867871	0.6103515625
3	228	21.0398792634	0.6103515625
3	229	-158.4032063136	0.6103515625
3	230	26.705704324	0.6103515625
3	231	-39.2812628473	0.6103515625
3	232	6.253224068	0.6103515625
3	233	16.2722460354	0.6103515625
3	234	73.2767650648	0.6103515625
3	235	-48.9547863679	0.6103515625
3	236	-48.8856901192	0.6103515625
3	237	38.4521357139	0.6103515625
3	238	-25.876552207	0.6103515625
3	239	-131.9398053585	0.6103515625
3	240	0	0.6103515625
3	241	-83.9175968549	0.6103515625
3	242	82.2593411008	0.6103515625
3	243	-91.587346007	0.6103515625
3	244	53.5843117489	0.6103515625
3	245	-11.6426990331	0.6103515625
3	246	-117.4296186985	0.6103515625
3	247	25.3238315006	0.6103515625
3	248	-238.6932893143	0.6103515625
3	249	54.7588789224	0.6103515625
3	250	74.3130831847	0.6103515625
3	251	-96.2859397111	0.6103515625
3	252	127.5177670851	0.6103515625
3	253	167.7316172462	0.6103515625
3	254	-192.7438373938	0.6103515625
3	255	66.6395079521	0.6103515625
4	0	0	0.6103515625
4	1	57.6550795949	0.6103515625
4	2	18.7931973354	0.6103515625
4	3	0	0.6103515625
4	4	0	0.6103515625
4	5	-9.8825307249	0.6103515625
4	6	-84.1191128265	0.6103515625
4	7	-319.9645383078	0.6103515625
4	8	-112.5304380683	0.6103515625
4	9	-211.8839587789	0.6103515625
4	10	-198.0190363405	0.6103515625
4	11	-21.668667687	0.6103515625
4	12	-30.462112078	0.6103515625
4	13	0	0.6103515625
4	14	0	0.6103515625
4	15	8.9510290728	0.6103515625
4	16	79.0708458122	0.6103515625
4	17	50.0561895976	0.6103515625
4	18	-12.6581546161	0.6103515625
4	19	-36.370593658	0.6103515625
4	20	-82.406998212	0.6103515625
4	21	-66.6644656887	0.6103515625
4	22	-26.2137233739	0.6103515625
4	23	-127.4174935467	0.6103515625
4	24	-34.6927462858	0.6103515625
4	25	-52.5607333046	0.6103515625
4	26	-35.9986558414	0.6103515625
4	27	47.3758066373	0.6103515625
4	28	141.7595645537	0.6103515625
4	29	-32.2464932705	0.6103515625
4	30	-39.6485031519	0.6103515625
4	31	0	0.6103515625
4	32	0	0.6103515625
4	33	-40.5250939115	0.6103515625
4	34	49.532572457	0.6103515625
4	35	0	0.6103515625
4	36	-63.2455578141	0.6103515625
4	37	-46.7343762653	0.6103515625
4	38	0	0.6103515625
4	39	8.6057071023	0.6103515625
4	40	0	0.6103515625
4	41	0	0.6103515625
4	42	-110.118309851	0.6103515625
4	43	23.1714587867	0.6103515625
4	44	0	0.6103515625
4	45	-94.4876005972	0.6103515625
4	46	77.2809012255	0.6103515625
4	47	-15.4599472036	0.6103515625
4	48	41.2339954751	0.6103515625
4	49	18.2983524295	0.6103515625
4	50	-39.2627670592	0.6103515625
4	51	7.3898760594	0.6103515625
4	52	4.5488864379	0.6103515625
4	53	-82.460683918	0.6103515625
4	54	37.7790854329	0.6103515625
4	55	-37.6850024825	0.6103515625
4	56	2.6850689858	0.6103515625
4	57	-60.2594012768	0.6103515625
4	58	-22.1695873816	0.6103515625
4	59	-12.3845106318	0.6103515625
4	60	-108.0080040555	0.6103515625
4	61	21.3647415515	0.6103515625
4	62	-106.9279164129	0.6103515625
4	63	-20.8235219764	0.6103515625
4	64	-0.0886233795	0.6103515625
4	65	-121.0091818559	0.6103515625
4	66	-106.8667388096	0.6103515625
4	67	5.6556743788	0.6103515625
4	68	-6.5009818838	0.6103515625
4	69	-13.2009478099	0.6103515625
4	70	-237.1249859226	0.6103515625
4	71	-87.7823020533	0.6103515625
4	72	-11.0659724945	0.6103515625
4	73	5.4153445705	0.6103515625
4	74	-7.008396531	0.6103515625
4	75	-82.5420068638	0.6103515625
4	76	-57.4429738453	0.6103515625
4	77	4.3282456756	0.6103515625
4	78	46.1454433454	0.6103515625
4	79	10.6517853132	0.6103515625
4	80	10.5158577258	0.6103515625
4	81	80.5376420865	0.6103515625
4	82	3.5213162201	0.6103515625
4	83	2.8058102847	0.6103515625
4	84	-56.5021107639	0.6103515625
4	85	-4.239276934	0.6103515625
4	86	-7.8755648605	0.6103515625
4	87	5.5625769547	0.6103515625
4	88	-115.2986895986	0.6103515625
4	89	32.7056639085	0.6103515625
4	90	45.059919578	0.6103515625
4	91	-0.8901625224	0.6103515625
4	92	45.21183188	0.6103515625
4	93	-5.8250195049	0.6103515625
4	94	0.7800330971	0.6103515625
4	95	11.9882351194	0.6103515625
4	96	162.5443423369	0.6103515625
4	97	0	0.6103515625
4	98	-6.5606061965	0.6103515625
4	99	-6.3683718569	0.6103515625
4	100	-352.5326205743	0.6103515625
4	101	-591.0076850235	0.6103515625
4	102	-67.5319005827	0.6103515625
4	103	16.2977733257	0.6103515625
4	104	-91.2051683441	0.6103515625
4	105	22.741181272	0.6103515625
4	106	-139.667051475	0.6103515625
4	107	-302.1822898378	0.6103515625
4	108	-164.374915873	0.6103515625
4	109	-365.8246706305	0.6103515625
4	110	0	0.6103515625
4	111	-545.0438389449	0.6103515625
4	112	-179.0598256864	0.6103515625
4	113	-515.4454471398	0.6103515625
4	114	-472.5797614209	0.6103515625
4	115	-474.340490978	0.6103515625
4	116	-201.6550279811	0.6103515625
4	117	-359.8471966792	0.6103515625
4	118	40.7825679945	0.6103515625
4	119	-9.5739189779	0.6103515625
4	120	62.2023660563	0.6103515625
4	121	-260.8341625588	0.6103515625
4	122	-456.1065512963	0.6103515625
4	123	-440.6326585058	0.6103515625
4	124	-544.9811507889	0.6103515625
4	125	-26.8933740704	0.6103515625
4	126	0	0.6103515625
4	127	0	0.6103515625
4	128	75.4187336753	0.6103515625
4	129	-56.4863354819	0.6103515625
4	130	-55.6571790482	0.6103515625
4	131	17.9305064363	0.6103515625
4	132	46.0527805882	0.6103515625
4	133	47.2273611781	0.6103515625
4	134	134.1509685855	0.6103515625
4	135	26.7057496684	0.6103515625
4	136	18.3450989435	0.6103515625
4	137	-83.4338785875	0.6103515625
4	138	-130.0051289461	0.6103515625
4	139	-74.3131726095	0.6103515625
4	140	45.2926731663	0.6103515625
4	141	-78.7353228902	0.6103515625
4	142	21.1089614294	0.6103515625
4	143	-1.6928599408	0.6103515625
4	144	-34.651872958	0.6103515625
4	145	69.2691522641	0.6103515625
4	146	-115.7020920457	0.6103515625
4	147	-125.0297008726	0.6103515625
4	148	-170.2882122562	0.6103515625
4	149	-201.5192283864	0.6103515625
4	150	55.3807702438	0.6103515625
4	151	-88.6161939593	0.6103515625
4	152	-121.2992392193	0.6103515625
4	153	-172.0158282771	0.6103515625
4	154	-179.1322924792	0.6103515625
4	155	-82.8120223242	0.6103515625
4	156	-56.6936391628	0.6103515625
4	157	-37.0011099882	0.6103515625
4	158	-94.6963630989	0.6103515625
4	159	-152.392275553	0.6103515625
4	160	68.0254315406	0.6103515625
4	161	-38.2448633372	0.6103515625
4	162	-180.6525040639	0.6103515625
4	163	15.0975249148	0.6103515625
4	164	-87.9251988198	0.6103515625
4	165	-151.3552508321	0.6103515625
4	166	-142.0968434647	0.6103515625
4	167	-2.1765360949	0.6103515625
4	168	-73.9676858047	0.6103515625
4	169	-91.7258164245	0.6103515625
4	170	-34.4445794667	0.6103515625
4	171	-119.8478586323	0.6103515625
4	172	-55.6571683728	0.6103515625
4	173	-98.7043231846	0.6103515625
4	174	-103.8170342425	0.6103515625
4	175	-31.8189079188	0.6103515625
4	176	-200.4142771607	0.6103515625
4	177	-25.5310634867	0.6103515625
4	178	-57.9373570496	0.6103515625
4	179	-155.3632405924	0.6103515625
4	180	-33.6153820122	0.6103515625
4	181	-24.5638138296	0.6103515625
4	182	9.5698471146	0.6103515625
4	183	-44.8781282202	0.6103515625
4	184	-77.215232887	0.6103515625
4	185	-48.7475349487	0.6103515625
4	186	25.2547228591	0.6103515625
4	187	-124.1312958394	0.6103515625
4	188	-21.2471206302	0.6103515625
4	189	-77.9753751655	0.6103515625
4	190	8.9607317204	0.6103515625
4	191	-8.5279076722	0.6103515625
4	192	-183.3223600221	0.6103515625
4	193	0	0.6103515625
4	194	96.0785727274	0.6103515625
4	195	-31.7497793448	0.6103515625
4	196	-49.3002295193	0.6103515625
4	197	-150.1117657905	0.6103515625
4	198	-96.7692165119	0.6103515625
4	199	24.2182641688	0.6103515625
4	200	27.3967062539	0.6103515625
4	201	-120.5386618774	0.6103515625
4	202	34.9282193934	0.6103515625
4	203	49.3693363674	0.6103515625
4	204	-103.195148842	0.6103515625
4	205	-49.7839320738	0.6103515625
4	206	-96.1476014109	0.6103515625
4	207	25.3929197764	0.6103515625
4	208	-10.8135492355	0.6103515625
4	209	29.0550369807	0.6103515625
4	210	19.7270043384	0.6103515625
4	211	-0.1036448156	0.6103515625
4	212	-288.9265047957	0.6103515625
4	213	-100.6392402648	0.6103515625
4	214	-206.1489407604	0.6103515625
4	215	-79.9791714929	0.6103515625
4	216	-151.5632264989	0.6103515625
4	217	-143.4094863843	0.6103515625
4	218	16.4794426456	0.6103515625
4	219	35.4810245587	0.6103515625
4	220	-131.0416458787	0.6103515625
4	221	-108.8616900377	0.6103515625
4	222	39.5577072155	0.6103515625
4	223	-71.20380212	0.6103515625
4	224	-33.8917987608	0.6103515625
4	225	-96.0782121596	0.6103515625
4	226	-70.5819385451	0.6103515625
4	227	65.6070441719	0.6103515625
4	228	-127.8630702496	0.6103515625
4	229	-42.3906566211	0.6103515625
4	230	8.2570074139	0.6103515625
4	231	-71.6183972104	0.6103515625
4	232	42.8743282844	0.6103515625
4	233	-85.7835245375	0.6103515625
4	234	-72.2402836805	0.6103515625
4	235	-280.9110978797	0.6103515625
4	236	-53.3078537605	0.6103515625
4	237	-31.7497808022	0.6103515625
4	238	-108.5849293816	0.6103515625
4	239	-40.3868558239	0.6103515625
4	240	0	0.6103515625
4	241	47.158342635	0.6103515625
4	242	-47.9874204619	0.6103515625
4	243	-147.9005655203	0.6103515625
4	244	56.0026459132	0.6103515625
4	245	-47.7801741469	0.6103515625
4	246	-88.6158648511	0.6103515625
4	247	-247.2613807096	0.6103515625
4	248	-24.7019291883	0.6103515625
4	249	-142.3731584179	0.6103515625
4	250	-132.7692059324	0.6103515625
4	251	-33.6844630595	0.6103515625
4	252	-158.5414995223	0.6103515625
4	253	-121.7130841493	0.6103515625
4	254	-114.1127432521	0.6103515625
4	255	44.0396237686	0.6103515625
5	0	0	0.6103515625
5	1	0	0.6103515625
5	2	-584.5121245707	0.6103515625
5	3	-87.2176002023	0.6103515625
5	4	-202.3182256332	0.6103515625
5	5	-124.1444822967	0.6103515625
5	6	-10.696987145	0.6103515625
5	7	17.7294132789	0.6103515625
5	8	147.6380543016	0.6103515625
5	9	2.5605577699	0.6103515625
5	10	-5.8653269297	0.6103515625
5	11	20.939144703	0.6103515625
5	12	13.4106849139	0.6103515625
5	13	-89.7408615896	0.6103515625
5	14	-149.0753549641	0.6103515625
5	15	-160.3426101698	0.6103515625
5	16	133.3023991683	0.6103515625
5	17	22.6802686956	0.6103515625
5	18	-127.3104800762	0.6103515625
5	19	-184.1761335375	0.6103515625
5	20	-64.4324360949	0.6103515625
5	21	-46.2918954764	0.6103515625
5	22	-150.1248538341	0.6103515625
5	23	35.310411597	0.6103515625
5	24	38.3853488213	0.6103515625
5	25	-69.2691267991	0.6103515625
5	26	-154.0107035996	0.6103515625
5	27	-171.39360101	0.6103515625
5	28	-147.3574474869	0.6103515625
5	29	-80.8769889655	0.6103515625
5	30	-194.3712799272	0.6103515625
5	31	22.9054679649	0.6103515625
5	32	-10.8135981583	0.6103515625
5	33	-33.7536225059	0.6103515625
5	34	-258.1093626552	0.6103515625
5	35	-8.809785436	0.6103515625
5	36	-31.9570886012	0.6103515625
5	37	79.979106118	0.6103515625
5	38	-7.0132874727	0.6103515625
5	39	26.2911573599	0.6103515625
5	40	-4.1112370324	0.6103515625
5	41	120.2621351001	0.6103515625
5	42	-60.2866381344	0.6103515625
5	43	-32.0262149199	0.6103515625
5	44	138.3658355606	0.6103515625
5	45	67.3345055007	0.6103515625
5	46	-16.8249205097	0.6103515625
5	47	29.1931997458	0.6103515625
5	48	19.2433798311	0.6103515625
5	49	33.8853976705	0.6103515625
5	50	-132.9068507733	0.6103515625
5	51	45.4999649216	0.6103515625
5	52	-51.6025922224	0.6103515625
5	53	0	0.6103515625
5	54	0	0.6103515625
5	55	-67.1459989193	0.6103515625
5	56	-42.9433675457	0.6103515625
5	57	-16.6176665463	0.6103515625
5	58	-236.3438399775	0.6103515625
5	59	65.0790147278	0.6103515625
5	60	-30.0914827924	0.6103515625
5	61	-51.7534225495	0.6103515625
5	62	-140.577063198	0.6103515625
5	63	-81.3554194672	0.6103515625
5	64	67.2930905581	0.6103515625
5	65	-117.3318162809	0.6103515625
5	66	-135.6789877767	0.6103515625
5	67	51.4432242252	0.6103515625
5	68	-70.3472941841	0.6103515625
5	69	-58.0126447944	0.6103515625
5	70	-55.2862599825	0.6103515625
5	71	-72.1017105219	0.6103515625
5	72	-28.3849662587	0.6103515625
5	73	-14.5471482701	0.6103515625
5	74	-7.6860918858	0.6103515625
5	75	-115.789634289	0.6103515625
5	76	-50.1839395737	0.6103515625
5	77	-71.0203824882	0.6103515625
5	78	-34.9709764759	0.6103515625
5	79	-261.0811854998	0.6103515625
5	80	-68.2499397623	0.6103515625
5	81	-185.5048345193	0.6103515625
5	82	47.6652956879	0.6103515625
5	83	-145.3265879326	0.6103515625
5	84	-0.3546312717	0.6103515625
5	85	-21.4741938321	0.6103515625
5	86	28.3342887574	0.6103515625
5	87	-13.46127401	0.6103515625
5	88	-184.4151442278	0.6103515625
5	89	13.8353085968	0.6103515625
5	90	3.0903609713	0.6103515625
5	91	38.8644946424	0.6103515625
5	92	-28.7838357089	0.6103515625
5	93	48.5628053476	0.6103515625
5	94	-68.1109015308	0.6103515625
5	95	-2.8503647705	0.6103515625
5	96	-161.3785351638	0.6103515625
5	97	-11.6620490789	0.6103515625
5	98	112.7000394188	0.6103515625
5	99	-20.536326141	0.6103515625
5	100	-69.0083502818	0.6103515625
5	101	-2.0183364533	0.6103515625
5	102	29.5284627293	0.6103515625
5	103	-0.011739226	0.6103515625
5	104	81.8329517509	0.6103515625
5	105	-22.5068187296	0.6103515625
5	106	136.8585032715	0.6103515625
5	107	-27.8204476015	0.6103515625
5	108	60.3235086662	0.6103515625
5	109	-1.2905935307	0.6103515625
5	110	-52.4709678882	0.6103515625
5	111	-8.3795302765	0.6103515625
5	112	-17.2331658451	0.6103515625
5	113	-12.517530201	0.6103515625
5	114	63.4500028375	0.6103515625
5	115	-11.7414271885	0.6103515625
5	116	27.2487345801	0.6103515625
5	117	16.2937315424	0.6103515625
5	118	-5.6969781504	0.6103515625
5	119	157.1144904374	0.6103515625
5	120	-11.142405993	0.6103515625
5	121	-192.731113953	0.6103515625
5	122	11.0977348735	0.6103515625
5	123	-4.1343784678	0.6103515625
5	124	22.4690452683	0.6103515625
5	125	32.5176836806	0.6103515625
5	126	0	0.6103515625
5	127	0	0.6103515625
5	128	-184.6601478753	0.6103515625
5	129	4.0421348824	0.6103515625
5	130	-80.600949849	0.6103515625
5	131	-32.0261755909	0.6103515625
5	132	9.9844205512	0.6103515625
5	133	-13.02463577	0.6103515625
5	134	-60.4247544782	0.6103515625
5	135	8.0497334504	0.6103515625
5	136	-142.0273754794	0.6103515625
5	137	-89.376425907	0.6103515625
5	138	-38.1066504699	0.6103515625
5	139	-71.2729915977	0.6103515625
5	140	2.8674994669	0.6103515625
5	141	112.0397932576	0.6103515625
5	142	-102.7118559391	0.6103515625
5	143	-96.0091831824	0.6103515625
5	144	95.9407613385	0.6103515625
5	145	-196.9593332738	0.6103515625
5	146	94.8345007887	0.6103515625
5	147	77.0078050089	0.6103515625
5	148	-34.7899852179	0.6103515625
5	149	-15.9957738345	0.6103515625
5	150	-88.6850136741	0.6103515625
5	151	-94.2131655638	0.6103515625
5	152	26.8439541698	0.6103515625
5	153	-105.1302760791	0.6103515625
5	154	-78.5280324924	0.6103515625
5	155	-216.9973178833	0.6103515625
5	156	-253.6316445095	0.6103515625
5	157	-81.6373970524	0.6103515625
5	158	-49.3003001187	0.6103515625
5	159	-2.2456317302	0.6103515625
5	160	-44.0060875981	0.6103515625
5	161	-49.9912368052	0.6103515625
5	162	28.7095998693	0.6103515625
5	163	-62.9814267705	0.6103515625
5	164	-94.0749567812	0.6103515625
5	165	146.7949797154	0.6103515625
5	166	-88.2706936563	0.6103515625
5	167	183.7622007558	0.6103515625
5	168	-18.2760055464	0.6103515625
5	169	106.5121053121	0.6103515625
5	170	16.1340163704	0.6103515625
5	171	-27.673135854	0.6103515625
5	172	-60.6320662657	0.6103515625
5	173	53.7224571234	0.6103515625
5	174	112.5231562311	0.6103515625
5	175	49.714899093	0.6103515625
5	176	-10.191689224	0.6103515625
5	177	6.6678011874	0.6103515625
5	178	41.2159526668	0.6103515625
5	179	-75.0732032399	0.6103515625
5	180	-46.8819073777	0.6103515625
5	181	39.0739978346	0.6103515625
5	182	22.6290420783	0.6103515625
5	183	-189.49713403	0.6103515625
5	184	-69.545540075	0.6103515625
5	185	12.0573143791	0.6103515625
5	186	106.3047893867	0.6103515625
5	187	24.1491970929	0.6103515625
5	188	-90.0668676229	0.6103515625
5	189	-3.6275599038	0.6103515625
5	190	0	0.6103515625
5	191	98.7240062151	0.6103515625
5	192	0	0.6103515625
5	193	0	0.6103515625
5	194	-181.9554802355	0.6103515625
5	195	-57.3846202569	0.6103515625
5	196	-109.4138896234	0.6103515625
5	197	-46.6128139735	0.6103515625
5	198	-52.6860510107	0.6103515625
5	199	68.7164260772	0.6103515625
5	200	-87.1649457419	0.6103515625
5	201	20.2797976397	0.6103515625
5	202	-3.6966599275	0.6103515625
5	203	-89.9981843952	0.6103515625
5	204	-39.626803567	0.6103515625
5	205	-212.5747056564	0.6103515625
5	206	0.3800299404	0.6103515625
5	207	-45.0162806509	0.6103515625
5	208	-158.541421719	0.6103515625
5	209	-9.9844180396	0.6103515625
5	210	-131.7320342311	0.6103515625
5	211	-23.0436771901	0.6103515625
5	212	62.7741741478	0.6103515625
5	213	-172.360902112	0.6103515625
5	214	25.3238718666	0.6103515625
5	215	63.5340799388	0.6103515625
5	216	178.8564505217	0.6103515625
5	217	250.514285967	0.6103515625
5	218	-38.452104772	0.6103515625
5	219	-132.9758246024	0.6103515625
5	220	-148.7298461633	0.6103515625
5	221	150.0425125288	0.6103515625
5	222	-58.6973994098	0.6103515625
5	223	-85.0674397602	0.6103515625
5	224	11.2281597993	0.6103515625
5	225	-55.5880326991	0.6103515625
5	226	34.1681636674	0.6103515625
5	227	-520.5257291782	0.6103515625
5	228	-73.2766870309	0.6103515625
5	229	203.9376723324	0.6103515625
5	230	-136.1542264705	0.6103515625
5	231	13.57748406	0.6103515625
5	232	-19.8652277785	0.6103515625
5	233	-190.1878437274	0.6103515625
5	234	-84.539202199	0.6103515625
5	235	31.0588283546	0.6103515625
5	236	-189.8425837025	0.6103515625
5	237	69.9600657206	0.6103515625
5	238	42.5979638149	0.6103515625
5	239	-69.2000900427	0.6103515625
5	240	0	0.6103515625
5	241	-13.7847081827	0.6103515625
5	242	-9.5007421715	0.6103515625
5	243	62.4977117459	0.6103515625
5	244	-21.1780069666	0.6103515625
5	245	-66.4361662454	0.6103515625
5	246	47.0201428839	0.6103515625
5	247	54.1369887604	0.6103515625
5	248	-109.9666192937	0.6103515625
5	249	10.1916783466	0.6103515625
5	250	167.5451513061	0.6103515625
5	251	14.130172439	0.6103515625
5	252	0.8637036285	0.6103515625
5	253	238.0711942771	0.6103515625
5	254	109.4139071931	0.6103515625
5	255	-37.5208637528	0.6103515625

