0 0 0 0.610352
0 1 20.7673 0.610352
0 2 -102.815 0.610352
0 3 0 0.610352
0 4 0 0.610352
0 5 2.17804 0.610352
0 6 -88.6536 0.610352
0 7 35.8377 0.610352
0 8 -119.171 0.610352
0 9 -183.411 0.610352
0 10 -179.443 0.610352
0 11 -19.8364 0.610352
0 12 -43.9453 0.610352
0 13 0 0.610352
0 14 -22.7356 0.610352
0 15 16.7847 0.610352
0 16 51.7273 0.610352
0 17 14.801 0.610352
0 18 -17.0898 0.610352
0 19 -56.1523 0.610352
0 20 -93.9941 0.610352
0 21 -65.0024 0.610352
0 22 -37.2314 0.610352
0 23 -116.272 0.610352
0 24 -1.52588 0.610352
0 25 -50.2014 0.610352
0 26 -57.5256 0.610352
0 27 43.9453 0.610352
0 28 111.847 0.610352
0 29 4.57764 0.610352
0 30 -29.9072 0.610352
0 31 77.0569 0.610352
0 32 -52.6428 0.610352
0 33 14.0381 0.610352
0 34 19.5313 0.610352
0 35 37.6892 0.610352
0 36 -7.47681 0.610352
0 37 -37.8418 0.610352
0 38 -9.96251 0.610352
0 39 0.265559 0.610352
0 40 -4.42505 0.610352
0 41 17.395 0.610352
0 42 -70.9534 0.610352
0 43 24.7192 0.610352
0 44 99.1821 0.610352
0 45 -83.313 0.610352
0 46 61.9507 0.610352
0 47 129.242 0.610352
0 48 -16.6997 0.610352
0 49 -15.1062 0.610352
0 50 -18.7683 0.610352
0 51 30.6702 0.610352
0 52 -48.0652 0.610352
0 53 -74.7681 0.610352
0 54 30.365 0.610352
0 55 -65.4602 0.610352
0 56 -86.2122 0.610352
0 57 -24.2615 0.610352
0 58 6.40869 0.610352
0 59 4.57764 0.610352
0 60 -111.542 0.610352
0 61 12.8174 0.610352
0 62 -89.1113 0.610352
0 63 -13.3603 0.610352
0 64 -185.089 0.610352
0 65 -154.724 0.610352
0 66 -70.9631 0.610352
0 67 126.801 0.610352
0 68 102.646 0.610352
0 69 -40.9163 0.610352
0 70 -23.2486 0.610352
0 71 65.1778 0.610352
0 72 -69.2749 0.610352
0 73 -3.70107 0.610352
0 74 -79.2321 0.610352
0 75 -36.7737 0.610352
0 76 -48.5132 0.610352
0 77 -6.30156 0.610352
0 78 -23.6966 0.610352
0 79 13.0609 0.610352
0 80 -55.9056 0.610352
0 81 -47.8899 0.610352
0 82 -73.4078 0.610352
0 83 123.255 0.610352
0 84 -121.668 0.610352
0 85 37.3321 0.610352
0 86 -45.6692 0.610352
0 87 -34.0109 0.610352
0 88 -25.5082 0.610352
0 89 -54.9998 0.610352
0 90 -130.862 0.610352
0 91 -65.7037 0.610352
0 92 -56.8114 0.610352
0 93 -52.2825 0.610352
0 94 -113.818 0.610352
0 95 -84.5694 0.610352
0 96 -157.597 0.610352
0 97 -100.523 0.610352
0 98 75.8329 0.610352
0 99 40.1306 0.610352
0 100 -153.76 0.610352
0 101 9.25267 0.610352
0 102 0 0.610352
0 103 40.3027 0.610352
0 104 -42.9713 0.610352
0 105 33.4265 0.610352
0 106 -172.119 0.610352
0 107 10.8792 0.610352
0 108 -53.9674 0.610352
0 109 27.7775 0.610352
0 110 -7.05151 0.610352
0 111 -42.2668 0.610352
0 112 -70.5248 0.610352
0 113 -49.1658 0.610352
0 114 9.22345 0.610352
0 115 -18.2716 0.610352
0 116 -72.3267 0.610352
0 117 -98.5718 0.610352
0 118 -33.5693 0.610352
0 119 -133.209 0.610352
0 120 -73.1351 0.610352
0 121 -155.133 0.610352
0 122 -155.309 0.610352
0 123 -28.3813 0.610352
0 124 85.144 0.610352
0 125 4.34617 0.610352
0 126 -1353.45 0.610352
0 127 0 0.610352
0 128 -69.1515 0.610352
0 129 25.4497 0.610352
0 130 -2.68814 0.610352
0 131 -147.867 0.610352
0 132 47.6561 0.610352
0 133 102.373 0.610352
0 134 -134.592 0.610352
0 135 -185.297 0.610352
0 136 87.7737 0.610352
0 137 -142.637 0.610352
0 138 -48.7957 0.610352
0 139 41.9195 0.610352
0 140 103.669 0.610352
0 141 64.8856 0.610352
0 142 78.9983 0.610352
0 143 -4.35362 0.610352
0 144 47.5782 0.610352
0 145 169.83 0.610352
0 146 -50.1203 0.610352
0 147 23.6479 0.610352
0 148 1.75314 0.610352
0 149 125.427 0.610352
0 150 -22.1382 0.610352
0 151 -71.6449 0.610352
0 152 -59.7333 0.610352
0 153 -68.6159 0.610352
0 154 123.849 0.610352
0 155 -6.53531 0.610352
0 156 -72.9597 0.610352
0 157 85.0564 0.610352
0 158 72.2877 0.610352
0 159 -66.1712 0.610352
0 160 -12.8271 0.610352
0 161 -70.0378 0.610352
0 162 -93.2182 0.610352
0 163 -43.3902 0.610352
0 164 66.3076 0.610352
0 165 -13.3336 0.610352
0 166 -95.2733 0.610352
0 167 112.376 0.610352
0 168 171.35 0.610352
0 169 61.5741 0.610352
0 170 -23.6381 0.610352
0 171 -134.709 0.610352
0 172 -32.8226 0.610352
0 173 155.591 0.610352
0 174 6.80802 0.610352
0 175 -90.082 0.610352
0 176 -38.3353 0.610352
0 177 -75.6674 0.610352
0 178 -42.7084 0.610352
0 179 123.479 0.610352
0 180 -21.4759 0.610352
0 181 62.626 0.610352
0 182 102.218 0.610352
0 183 -1.71418 0.610352
0 184 111.052 0.610352
0 185 78.3458 0.610352
0 186 68.4405 0.610352
0 187 -26.0828 0.610352
0 188 -129.002 0.610352
0 189 107.506 0.610352
0 190 -30.2806 0.610352
0 191 -134.871 0.610352
0 192 -168.482 0.610352
0 193 -2.53218 0.610352
0 194 -124.103 0.610352
0 195 -85.907 0.610352
0 196 -140.095 0.610352
0 197 103.912 0.610352
0 198 -111.1 0.610352
0 199 -172.801 0.610352
0 200 -132.722 0.610352
0 201 -85.7674 0.610352
0 202 -85.2707 0.610352
0 203 -145.647 0.610352
0 204 -89.3224 0.610352
0 205 -54.1135 0.610352
0 206 -122.895 0.610352
0 207 -256.913 0.610352
0 208 92.7897 0.610352
0 209 -155.133 0.610352
0 210 -180.486 0.610352
0 211 14.9114 0.610352
0 212 59.1586 0.610352
0 213 -83.1864 0.610352
0 214 129.645 0.610352
0 215 -148.997 0.610352
0 216 35.2965 0.610352
0 217 76.2615 0.610352
0 218 -11.0448 0.610352
0 219 24.7582 0.610352
0 220 49.2047 0.610352
0 221 21.7292 0.610352
0 222 -144.351 0.610352
0 223 -57.2302 0.610352
0 224 26.2873 0.610352
0 225 -228.56 0.610352
0 226 -117.295 0.610352
0 227 -81.3358 0.610352
0 228 -81.8326 0.610352
0 229 -41.6565 0.610352
0 230 -169.723 0.610352
0 231 -56.8309 0.610352
0 232 9.82731 0.610352
0 233 11.7168 0.610352
0 234 -146.825 0.610352
0 235 -20.4046 0.610352
0 236 -272.369 0.610352
0 237 75.2388 0.610352
0 238 -148.978 0.610352
0 239 87.6471 0.610352
0 240 -137.436 0.610352
0 241 -91.4553 0.610352
0 242 -61.204 0.610352
0 243 93.6565 0.610352
0 244 99.6951 0.610352
0 245 26.5308 0.610352
0 246 92.6825 0.610352
0 247 53.9772 0.610352
0 248 44.0719 0.610352
0 249 61.1942 0.610352
0 250 72.7649 0.610352
0 251 -35.2575 0.610352
0 252 -150.702 0.610352
0 253 6.29182 0.610352
0 254 -38.3742 0.610352
0 255 -1975.07 0.610352
1 0 0 0.610352
1 1 -1083.22 0.610352
1 2 -1.73072 0.610352
1 3 -70.759 0.610352
1 4 -202.789 0.610352
1 5 -116.962 0.610352
1 6 -1.68056 0.610352
1 7 33.2349 0.610352
1 8 205.83 0.610352
1 9 6.04499 0.610352
1 10 58.2529 0.610352
1 11 9.91821 0.610352
1 12 22.1482 0.610352
1 13 -107.727 0.610352
1 14 -135.04 0.610352
1 15 -164.948 0.610352
1 16 127.258 0.610352
1 17 18.4631 0.610352
1 18 -138.702 0.610352
1 19 -175.629 0.610352
1 20 -36.6462 0.610352
1 21 5.23706 0.610352
1 22 -155.182 0.610352
1 23 -5.82737 0.610352
1 24 -79.7483 0.610352
1 25 -62.7136 0.610352
1 26 -159.149 0.610352
1 27 -169.067 0.610352
1 28 -148.01 0.610352
1 29 -64.5447 0.610352
1 30 0 0.610352
1 31 37.9944 0.610352
1 32 -0.762939 0.610352
1 33 -15.7166 0.610352
1 34 0 0.610352
1 35 8.08716 0.610352
1 36 -25.4108 0.610352
1 37 88.3484 0.610352
1 38 12.8174 0.610352
1 39 44.0979 0.610352
1 40 10.0708 0.610352
1 41 132.904 0.610352
1 42 -40.8936 0.610352
1 43 -18.0054 0.610352
1 44 156.555 0.610352
1 45 72.3267 0.610352
1 46 -4.62633 0.610352
1 47 36.7737 0.610352
1 48 32.8064 0.610352
1 49 35.2478 0.610352
1 50 -120.697 0.610352
1 51 70.0567 0.610352
1 52 -38.2996 0.610352
1 53 0 0.610352
1 54 67.1387 0.610352
1 55 -77.5146 0.610352
1 56 -18.4631 0.610352
1 57 -16.9373 0.610352
1 58 -214.844 0.610352
1 59 68.7523 0.610352
1 60 -15.564 0.610352
1 61 -63.0188 0.610352
1 62 -132.751 0.610352
1 63 125.555 0.610352
1 64 -133.057 0.610352
1 65 0 0.610352
1 66 -17.7002 0.610352
1 67 12.272 0.610352
1 68 -246.55 0.610352
1 69 7.83068 0.610352
1 70 -44.5557 0.610352
1 71 -47.2568 0.610352
1 72 -162.662 0.610352
1 73 -108.344 0.610352
1 74 -181.187 0.610352
1 75 -73.846 0.610352
1 76 19.489 0.610352
1 77 -241.047 0.610352
1 78 -5.02566 0.610352
1 79 -86.5855 0.610352
1 80 11.2396 0.610352
1 81 34.2933 0.610352
1 82 -84.1603 0.610352
1 83 -93.3059 0.610352
1 84 -7.9086 0.610352
1 85 -80.4203 0.610352
1 86 18.3105 0.610352
1 87 -49.8768 0.610352
1 88 -43.5655 0.610352
1 89 -21.7389 0.610352
1 90 73.7097 0.610352
1 91 8.71699 0.610352
1 92 7.20734 0.610352
1 93 -126.684 0.610352
1 94 -72.1319 0.610352
1 95 -102.792 0.610352
1 96 -53.646 0.610352
1 97 -101.253 0.610352
1 98 -42.4357 0.610352
1 99 -76.6998 0.610352
1 100 -50.2014 0.610352
1 101 -12.4765 0.610352
1 102 -137.261 0.610352
1 103 -52.8766 0.610352
1 104 -17.6093 0.610352
1 105 12.3596 0.610352
1 106 59.1684 0.610352
1 107 2.84273 0.610352
1 108 -44.666 0.610352
1 109 56.003 0.610352
1 110 78.862 0.610352
1 111 -28.5339 0.610352
1 112 -150.146 0.610352
1 113 -153.438 0.610352
1 114 193.024 0.610352
1 115 -25.6445 0.610352
1 116 30.0079 0.610352
1 117 -13.3531 0.610352
1 118 148.968 0.610352
1 119 8.60286 0.610352
1 120 29.2969 0.610352
1 121 13.5381 0.610352
1 122 -107.068 0.610352
1 123 28.5177 0.610352
1 124 23.6511 0.610352
1 125 -29.2969 0.610352
1 126 105.352 0.610352
1 127 0 0.610352
1 128 -51.8929 0.610352
1 129 -173.015 0.610352
1 130 39.3287 0.610352
1 131 -121.492 0.610352
1 132 -1.14756 0.610352
1 133 23.794 0.610352
1 134 18.9339 0.610352
1 135 -155.669 0.610352
1 136 -124.249 0.610352
1 137 -91.4359 0.610352
1 138 58.584 0.610352
1 139 -174.466 0.610352
1 140 12.1161 0.610352
1 141 -136.472 0.610352
1 142 -203.062 0.610352
1 143 -7.56771 0.610352
1 144 -18.7975 0.610352
1 145 -105.227 0.610352
1 146 41.9389 0.610352
1 147 -77.3231 0.610352
1 148 96.744 0.610352
1 149 -59.0223 0.610352
1 150 0.555779 0.610352
1 151 -19.3235 0.610352
1 152 -25.5666 0.610352
1 153 13.6355 0.610352
1 154 -45.8445 0.610352
1 155 29.0923 0.610352
1 156 -48.3501 0.610352
1 157 18.6709 0.610352
1 158 -2.08429 0.610352
1 159 85.6018 0.610352
1 160 -119.038 0.610352
1 161 -234.463 0.610352
1 162 -22.0895 0.610352
1 163 -95.1661 0.610352
1 164 -143.699 0.610352
1 165 44.9972 0.610352
1 166 -20.1124 0.610352
1 167 -92.6046 0.610352
1 168 -109.766 0.610352
1 169 -166.197 0.610352
1 170 51.7663 0.610352
1 171 -25.9562 0.610352
1 172 -263.253 0.610352
1 173 -159.925 0.610352
1 174 -42.8253 0.610352
1 175 -140.699 0.610352
1 176 63.785 0.610352
1 177 18.3885 0.610352
1 178 -158.094 0.610352
1 179 234.985 0.610352
1 180 17.843 0.610352
1 181 134.232 0.610352
1 182 3.63289 0.610352
1 183 9.52538 0.610352
1 184 133.326 0.610352
1 185 -11.4149 0.610352
1 186 47.7243 0.610352
1 187 3.60367 0.610352
1 188 103.825 0.610352
1 189 36.9328 0.610352
1 190 -179.443 0.610352
1 191 27.141 0.610352
1 192 -159.001 0.610352
1 193 -33.1346 0.610352
1 194 -4.42505 0.610352
1 195 -90.1794 0.610352
1 196 -157.471 0.610352
1 197 -7.01904 0.610352
1 198 34.9426 0.610352
1 199 -37.9554 0.610352
1 200 -17.1515 0.610352
1 201 -16.8593 0.610352
1 202 37.41 0.610352
1 203 55.1751 0.610352
1 204 -9.46694 0.610352
1 205 -214.74 0.610352
1 206 -56.0907 0.610352
1 207 -62.5286 0.610352
1 208 -61.7981 0.610352
1 209 -209.032 0.610352
1 210 53.9772 0.610352
1 211 0.253231 0.610352
1 212 -62.1682 0.610352
1 213 113.623 0.610352
1 214 -76.0667 0.610352
1 215 -157.588 0.610352
1 216 47.5782 0.610352
1 217 77.5569 0.610352
1 218 29.2287 0.610352
1 219 -44.4518 0.610352
1 220 -109.766 0.610352
1 221 48.7859 0.610352
1 222 -218.022 0.610352
1 223 -51.289 0.610352
1 224 -134.514 0.610352
1 225 -33.7576 0.610352
1 226 -114.012 0.610352
1 227 19.6568 0.610352
1 228 126.148 0.610352
1 229 8.96048 0.610352
1 230 -105.286 0.610352
1 231 36.9912 0.610352
1 232 42.2409 0.610352
1 233 108.198 0.610352
1 234 -170.824 0.610352
1 235 29.5501 0.610352
1 236 18.9144 0.610352
1 237 -113.915 0.610352
1 238 -43.2635 0.610352
1 239 113.35 0.610352
1 240 62.9571 0.610352
1 241 -195.231 0.610352
1 242 194.452 0.610352
1 243 -10.0708 0.610352
1 244 17.3561 0.610352
1 245 -84.024 0.610352
1 246 147.76 0.610352
1 247 32.7155 0.610352
1 248 86.5173 0.610352
1 249 -31.1279 0.610352
1 250 44.4615 0.610352
1 251 116.311 0.610352
1 252 20.6188 0.610352
1 253 41.6468 0.610352
1 254 -19.4793 0.610352
1 255 -1593.97 0.610352
2 0 0 0.610352
2 1 6.20754 0.610352
2 2 -333.578 0.610352
2 3 -65.6922 0.610352
2 4 28.5339 0.610352
2 5 -49.7395 0.610352
2 6 -89.2639 0.610352
2 7 -59.1976 0.610352
2 8 -48.9807 0.610352
2 9 -38.2996 0.610352
2 10 -59.8145 0.610352
2 11 37.5366 0.610352
2 12 -20.9045 0.610352
2 13 -54.0161 0.610352
2 14 -74.6155 0.610352
2 15 -74.6155 0.610352
2 16 -24.4141 0.610352
2 17 15.1062 0.610352
2 18 -144.196 0.610352
2 19 -71.4111 0.610352
2 20 -94.4519 0.610352
2 21 -90.4846 0.610352
2 22 -69.7327 0.610352
2 23 -59.0515 0.610352
2 24 -28.8391 0.610352
2 25 -95.9778 0.610352
2 26 -6.40869 0.610352
2 27 -60.4248 0.610352
2 28 -108.49 0.610352
2 29 -138.397 0.610352
2 30 -17.5476 0.610352
2 31 -82.0858 0.610352
2 32 -6.71387 0.610352
2 33 -169.791 0.610352
2 34 -182.953 0.610352
2 35 -151.062 0.610352
2 36 -115.814 0.610352
2 37 -69.1223 0.610352
2 38 90.9424 0.610352
2 39 -100.098 0.610352
2 40 -15.8691 0.610352
2 41 28.3813 0.610352
2 42 -166.168 0.610352
2 43 32.8064 0.610352
2 44 -115.356 0.610352
2 45 29.1443 0.610352
2 46 -65.6128 0.610352
2 47 22.583 0.610352
2 48 -67.4438 0.610352
2 49 16.3269 0.610352
2 50 -66.3757 0.610352
2 51 32.959 0.610352
2 52 90.6372 0.610352
2 53 -86.8225 0.610352
2 54 68.512 0.610352
2 55 -60.73 0.610352
2 56 -66.2231 0.610352
2 57 26.2451 0.610352
2 58 30.0598 0.610352
2 59 -40.8936 0.610352
2 60 112 0.610352
2 61 -67.2913 0.610352
2 62 -67.749 0.610352
2 63 -41.6126 0.610352
2 64 0 0.610352
2 65 -120.239 0.610352
2 66 -109.406 0.610352
2 67 -131.531 0.610352
2 68 -5.95093 0.610352
2 69 97.3511 0.610352
2 70 -90.4846 0.610352
2 71 -93.0786 0.610352
2 72 -80.6833 0.610352
2 73 84.0759 0.610352
2 74 -70.6027 0.610352
2 75 -69.1223 0.610352
2 76 -22.4109 0.610352
2 77 74.0051 0.610352
2 78 38.4521 0.610352
2 79 173.035 0.610352
2 80 36.962 0.610352
2 81 50.3637 0.610352
2 82 -89.7509 0.610352
2 83 -48.2015 0.610352
2 84 -16.4503 0.610352
2 85 76.5926 0.610352
2 86 26.336 0.610352
2 87 266.724 0.610352
2 88 109.711 0.610352
2 89 -140.387 0.610352
2 90 2.08429 0.610352
2 91 -95.0882 0.610352
2 92 40.0397 0.610352
2 93 64.3986 0.610352
2 94 -90.5496 0.610352
2 95 -10.587 0.610352
2 96 35.1017 0.610352
2 97 -9.00918 0.610352
2 98 24.0959 0.610352
2 99 -35.6471 0.610352
2 100 16.5671 0.610352
2 101 170.473 0.610352
2 102 -20.3656 0.610352
2 103 127.044 0.610352
2 104 130.959 0.610352
2 105 85.2966 0.610352
2 106 2.49335 0.610352
2 107 1.37329 0.610352
2 108 44.1304 0.610352
2 109 19.8689 0.610352
2 110 144.41 0.610352
2 111 3.66211 0.610352
2 112 -83.3227 0.610352
2 113 102.364 0.610352
2 114 -89.8775 0.610352
2 115 66.7361 0.610352
2 116 -117.493 0.610352
2 117 -111.49 0.610352
2 118 -151.367 0.610352
2 119 -158.997 0.610352
2 120 -116.408 0.610352
2 121 -67.5542 0.610352
2 122 -81.3293 0.610352
2 123 -152.283 0.610352
2 124 -36.7737 0.610352
2 125 -58.97 0.610352
2 126 35.7604 0.610352
2 127 0 0.610352
2 128 -137.164 0.610352
2 129 -13.4115 0.610352
2 130 10.9863 0.610352
2 131 -29.7741 0.610352
2 132 -75.6966 0.610352
2 133 -58.097 0.610352
2 134 -34.4102 0.610352
2 135 -125.671 0.610352
2 136 -77.3328 0.610352
2 137 23.7355 0.610352
2 138 63.4831 0.610352
2 139 -38.8417 0.610352
2 140 -148.432 0.610352
2 141 80.8196 0.610352
2 142 -10.0708 0.610352
2 143 100.026 0.610352
2 144 99.286 0.610352
2 145 -20.0247 0.610352
2 146 -173.97 0.610352
2 147 -37.0009 0.610352
2 148 -146.991 0.610352
2 149 -2.1135 0.610352
2 150 -187.625 0.610352
2 151 -143.64 0.610352
2 152 -155.786 0.610352
2 153 -208.682 0.610352
2 154 73.924 0.610352
2 155 -32.0337 0.610352
2 156 -17.5022 0.610352
2 157 -38.9684 0.610352
2 158 18.145 0.610352
2 159 16.8009 0.610352
2 160 -110.74 0.610352
2 161 -84.2577 0.610352
2 162 -99.0717 0.610352
2 163 -7.16838 0.610352
2 164 -127.94 0.610352
2 165 -91.1631 0.610352
2 166 -171.652 0.610352
2 167 -145.17 0.610352
2 168 -7.16838 0.610352
2 169 -249.345 0.610352
2 170 110.672 0.610352
2 171 -86.1375 0.610352
2 172 -209.607 0.610352
2 173 -52.672 0.610352
2 174 -157.373 0.610352
2 175 54.3765 0.610352
2 176 -165.272 0.610352
2 177 -85.3875 0.610352
2 178 -113.496 0.610352
2 179 -54.9803 0.610352
2 180 -103.903 0.610352
2 181 68.6256 0.610352
2 182 -130.862 0.610352
2 183 -68.7912 0.610352
2 184 -1.02266 0.610352
2 185 -93.5883 0.610352
2 186 -79.4366 0.610352
2 187 -119.243 0.610352
2 188 -91.7962 0.610352
2 189 -36.0465 0.610352
2 190 -102.958 0.610352
2 191 -227.828 0.610352
2 192 -25.4822 0.610352
2 193 -45.0069 0.610352
2 194 -95.8869 0.610352
2 195 141.313 0.610352
2 196 99.0717 0.610352
2 197 -156.185 0.610352
2 198 32.1409 0.610352
2 199 128.466 0.610352
2 200 51.7078 0.610352
2 201 -50.0326 0.610352
2 202 63.5415 0.610352
2 203 -99.7243 0.610352
2 204 18.0378 0.610352
2 205 47.1789 0.610352
2 206 -43.2343 0.610352
2 207 -49.9644 0.610352
2 208 -98.838 0.610352
2 209 100.241 0.610352
2 210 -81.1508 0.610352
2 211 -23.7648 0.610352
2 212 -73.0279 0.610352
2 213 103.737 0.610352
2 214 -11.9408 0.610352
2 215 -57.1036 0.610352
2 216 -53.4025 0.610352
2 217 75.8232 0.610352
2 218 30.0273 0.610352
2 219 -207.776 0.610352
2 220 -63.97 0.610352
2 221 8.87282 0.610352
2 222 186.047 0.610352
2 223 56.977 0.610352
2 224 21.3396 0.610352
2 225 -21.4175 0.610352
2 226 33.3583 0.610352
2 227 -80.5761 0.610352
2 228 29.2384 0.610352
2 229 30.9721 0.610352
2 230 2.36674 0.610352
2 231 -17.8333 0.610352
2 232 -77.7809 0.610352
2 233 -76.281 0.610352
2 234 -35.0238 0.610352
2 235 31.8 0.610352
2 236 -87.8517 0.610352
2 237 69.882 0.610352
2 238 -151.325 0.610352
2 239 -42.1532 0.610352
2 240 26.0146 0.610352
2 241 154.646 0.610352
2 242 123.158 0.610352
2 243 20.726 0.610352
2 244 -106.308 0.610352
2 245 -84.2285 0.610352
2 246 40.7507 0.610352
2 247 -44.7342 0.610352
2 248 -57.5224 0.610352
2 249 -57.464 0.610352
2 250 149.319 0.610352
2 251 179.141 0.610352
2 252 13.4894 0.610352
2 253 132.907 0.610352
2 254 -12.272 0.610352
2 255 -282.108 0.610352
3 0 0 0.610352
3 1 95.7733 0.610352
3 2 -55.5085 0.610352
3 3 -143.738 0.610352
3 4 41.1987 0.610352
3 5 -142.212 0.610352
3 6 -1.98364 0.610352
3 7 21.4459 0.610352
3 8 132.619 0.610352
3 9 23.3459 0.610352
3 10 -69.7846 0.610352
3 11 -64.6973 0.610352
3 12 -23.9563 0.610352
3 13 62.2559 0.610352
3 14 17.395 0.610352
3 15 48.0652 0.610352
3 16 -32.0435 0.610352
3 17 -204.468 0.610352
3 18 36.3159 0.610352
3 19 -9.30786 0.610352
3 20 -104.218 0.610352
3 21 -67.749 0.610352
3 22 -23.9563 0.610352
3 23 3.96729 0.610352
3 24 -34.079 0.610352
3 25 112.883 0.610352
3 26 -38.147 0.610352
3 27 -59.6619 0.610352
3 28 -6.2561 0.610352
3 29 -98.7244 0.610352
3 30 29.9072 0.610352
3 31 -74.4629 0.610352
3 32 -34.9426 0.610352
3 33 -70.2813 0.610352
3 34 -21.2097 0.610352
3 35 -19.8364 0.610352
3 36 15.3887 0.610352
3 37 -110.321 0.610352
3 38 -43.1824 0.610352
3 39 45.0134 0.610352
3 40 -95.0623 0.610352
3 41 -30.6702 0.610352
3 42 -47.9126 0.610352
3 43 21.8201 0.610352
3 44 -98.2666 0.610352
3 45 -23.0408 0.610352
3 46 -131.096 0.610352
3 47 -176.849 0.610352
3 48 16.3269 0.610352
3 49 96.283 0.610352
3 50 125.122 0.610352
3 51 -52.7954 0.610352
3 52 30.0598 0.610352
3 53 71.5637 0.610352
3 54 129.242 0.610352
3 55 -17.7599 0.610352
3 56 126.81 0.610352
3 57 142.517 0.610352
3 58 78.9691 0.610352
3 59 161.743 0.610352
3 60 41.1987 0.610352
3 61 130.157 0.610352
3 62 -18.9209 0.610352
3 63 185.488 0.610352
3 64 -61.1877 0.610352
3 65 50.1592 0.610352
3 66 36.0367 0.610352
3 67 13.9472 0.610352
3 68 -54.7563 0.610352
3 69 -136.793 0.610352
3 70 -139.696 0.610352
3 71 -83.8876 0.610352
3 72 5.65874 0.610352
3 73 -112.951 0.610352
3 74 0.253231 0.610352
3 75 -4.95748 0.610352
3 76 -90.9781 0.610352
3 77 17.7749 0.610352
3 78 -55.9835 0.610352
3 79 -135.771 0.610352
3 80 -6.08728 0.610352
3 81 -14.6484 0.610352
3 82 9.00918 0.610352
3 83 57.8535 0.610352
3 84 -185.248 0.610352
3 85 -34.0596 0.610352
3 86 -143.241 0.610352
3 87 -80.9852 0.610352
3 88 30.4364 0.610352
3 89 -93.7734 0.610352
3 90 -54.2791 0.610352
3 91 11.785 0.610352
3 92 83.4396 0.610352
3 93 -187.07 0.610352
3 94 -33.1635 0.610352
3 95 -46.9451 0.610352
3 96 -111.646 0.610352
3 97 -126.976 0.610352
3 98 114.288 0.610352
3 99 164.948 0.610352
3 100 -12.8174 0.610352
3 101 23.9693 0.610352
3 102 -3.18487 0.610352
3 103 98.4874 0.610352
3 104 -9.82731 0.610352
3 105 58.136 0.610352
3 106 30.6702 0.610352
3 107 -65.7654 0.610352
3 108 -5.27889 0.610352
3 109 147.705 0.610352
3 110 85.6018 0.610352
3 111 -81.443 0.610352
3 112 -100.698 0.610352
3 113 64.8466 0.610352
3 114 75.5115 0.610352
3 115 0 0.610352
3 116 -67.6808 0.610352
3 117 -3.32122 0.610352
3 118 -225.113 0.610352
3 119 56.6524 0.610352
3 120 -110.474 0.610352
3 121 -100.403 0.610352
3 122 -35.4329 0.610352
3 123 -99.1821 0.610352
3 124 -173.645 0.610352
3 125 11.5967 0.610352
3 126 -1162.11 0.610352
3 127 0 0.610352
3 128 -81.2482 0.610352
3 129 -31.8 0.610352
3 130 -34.6439 0.610352
3 131 15.3789 0.610352
3 132 -203.325 0.610352
3 133 -87.8419 0.610352
3 134 55.1654 0.610352
3 135 66.7751 0.610352
3 136 8.69751 0.610352
3 137 -43.4194 0.610352
3 138 -23.6381 0.610352
3 139 -57.7951 0.610352
3 140 -8.46376 0.610352
3 141 -111.743 0.610352
3 142 -59.8404 0.610352
3 143 -269.954 0.610352
3 144 36.1439 0.610352
3 145 42.1727 0.610352
3 146 -95.1564 0.610352
3 147 23.7842 0.610352
3 148 -75.1901 0.610352
3 149 120.314 0.610352
3 150 -3.292 0.610352
3 151 -38.5203 0.610352
3 152 -61.6033 0.610352
3 153 46.8867 0.610352
3 154 168.837 0.610352
3 155 39.4456 0.610352
3 156 51.4619 0.610352
3 157 153.77 0.610352
3 158 49.3119 0.610352
3 159 58.6327 0.610352
3 160 -135.518 0.610352
3 161 -87.1212 0.610352
3 162 22.0993 0.610352
3 163 -8.5222 0.610352
3 164 -101.049 0.610352
3 165 30.7091 0.610352
3 166 -63.074 0.610352
3 167 -221.119 0.610352
3 168 5.66848 0.610352
3 169 25.6542 0.610352
3 170 126.839 0.610352
3 171 -10.7331 0.610352
3 172 47.8899 0.610352
3 173 6.09702 0.610352
3 174 14.3465 0.610352
3 175 -64.9343 0.610352
3 176 14.8335 0.610352
3 177 151.247 0.610352
3 178 -132.985 0.610352
3 179 -81.3943 0.610352
3 180 -40.6728 0.610352
3 181 -6.05806 0.610352
3 182 -3.30174 0.610352
3 183 -124.356 0.610352
3 184 59.1976 0.610352
3 185 -102.091 0.610352
3 186 -6.94437 0.610352
3 187 -50.2761 0.610352
3 188 -76.3491 0.610352
3 189 121.278 0.610352
3 190 20.5994 0.610352
3 191 -10.1586 0.610352
3 192 -261.23 0.610352
3 193 -202.536 0.610352
3 194 82.2611 0.610352
3 195 136.823 0.610352
3 196 -117.947 0.610352
3 197 65.2849 0.610352
3 198 20.7065 0.610352
3 199 -159.448 0.610352
3 200 -113.214 0.610352
3 201 -108.685 0.610352
3 202 -87.3355 0.610352
3 203 -38.2574 0.610352
3 204 57.1328 0.610352
3 205 -42.085 0.610352
3 206 -95.3317 0.610352
3 207 106.133 0.610352
3 208 171.846 0.610352
3 209 -41.0624 0.610352
3 210 45.2504 0.610352
3 211 139.891 0.610352
3 212 77.6835 0.610352
3 213 5.87301 0.610352
3 214 -113.555 0.610352
3 215 56.9477 0.610352
3 216 89.5171 0.610352
3 217 14.3855 0.610352
3 218 115.649 0.610352
3 219 -70.9534 0.610352
3 220 -114.558 0.610352
3 221 51.737 0.610352
3 222 -82.2903 0.610352
3 223 -109.425 0.610352
3 224 -103.308 0.610352
3 225 -40.5851 0.610352
3 226 -5.22045 0.610352
3 227 27.9918 0.610352
3 228 22.4402 0.610352
3 229 -154.296 0.610352
3 230 28.5859 0.610352
3 231 -40.4098 0.610352
3 232 10.3922 0.610352
3 233 17.3853 0.610352
3 234 76.0764 0.610352
3 235 -46.6432 0.610352
3 236 -50.3637 0.610352
3 237 41.4422 0.610352
3 238 -24.8069 0.610352
3 239 -130.394 0.610352
3 240 -20.8429 0.610352
3 241 -81.8715 0.610352
3 242 82.4754 0.610352
3 243 -89.5171 0.610352
3 244 52.6331 0.610352
3 245 -7.83068 0.610352
3 246 -115.59 0.610352
3 247 26.3263 0.610352
3 248 -235.846 0.610352
3 249 58.4964 0.610352
3 250 78.6672 0.610352
3 251 -90.8223 0.610352
3 252 130.17 0.610352
3 253 170.502 0.610352
3 254 -188.375 0.610352
3 255 -460.939 0.610352
4 0 0 0.610352
4 1 -1872.72 0.610352
4 2 11.5811 0.610352
4 3 -107.574 0.610352
4 4 10.0708 0.610352
4 5 -74.0051 0.610352
4 6 -2.44141 0.610352
4 7 49.4774 0.610352
4 8 -18.6157 0.610352
4 9 28.6865 0.610352
4 10 -113.22 0.610352
4 11 12.3596 0.610352
4 12 -53.1006 0.610352
4 13 -145.874 0.610352
4 14 120.087 0.610352
4 15 -29.6021 0.610352
4 16 -70.4956 0.610352
4 17 12.5122 0.610352
4 18 -121.307 0.610352
4 19 12.207 0.610352
4 20 -18.7683 0.610352
4 21 -30.2806 0.610352
4 22 -216.675 0.610352
4 23 -65.0024 0.610352
4 24 -51.7955 0.610352
4 25 -68.7132 0.610352
4 26 -72.6773 0.610352
4 27 78.2776 0.610352
4 28 26.8717 0.610352
4 29 -73.2909 0.610352
4 30 -42.796 0.610352
4 31 -43.6401 0.610352
4 32 -192.202 0.610352
4 33 26.0633 0.610352
4 34 -28.3716 0.610352
4 35 -156.097 0.610352
4 36 -84.2577 0.610352
4 37 -38.5106 0.610352
4 38 -187.683 0.610352
4 39 -100.874 0.610352
4 40 -159.292 0.610352
4 41 -0.311669 0.610352
4 42 -98.0686 0.610352
4 43 -53.0129 0.610352
4 44 -71.8689 0.610352
4 45 1.42199 0.610352
4 46 -89.5269 0.610352
4 47 12.2914 0.610352
4 48 -157.383 0.610352
4 49 -18.6709 0.610352
4 50 45.4712 0.610352
4 51 -31.4104 0.610352
4 52 64.0869 0.610352
4 53 34.6537 0.610352
4 54 -54.9316 0.610352
4 55 35.579 0.610352
4 56 90.332 0.610352
4 57 29.2774 0.610352
4 58 65.1972 0.610352
4 59 -1.67847 0.610352
4 60 -102.844 0.610352
4 61 21.0571 0.610352
4 62 2.20116 0.610352
4 63 126.801 0.610352
4 64 -87.1277 0.610352
4 65 -74.2356 0.610352
4 66 -52.1851 0.610352
4 67 1.06162 0.610352
4 68 86.5076 0.610352
4 69 29.0534 0.610352
4 70 -194.851 0.610352
4 71 -48.8638 0.610352
4 72 41.3643 0.610352
4 73 -3.10695 0.610352
4 74 83.9363 0.610352
4 75 -24.7679 0.610352
4 76 -18.3885 0.610352
4 77 -10.0611 0.610352
4 78 98.4192 0.610352
4 79 -27.8749 0.610352
4 80 50.578 0.610352
4 81 140.991 0.610352
4 82 10.0221 0.610352
4 83 30.8228 0.610352
4 84 -16.2652 0.610352
4 85 75.7648 0.610352
4 86 72.6383 0.610352
4 87 -7.70407 0.610352
4 88 -81.0729 0.610352
4 89 74.6544 0.610352
4 90 74.7031 0.610352
4 91 23.2972 0.610352
4 92 78.2971 0.610352
4 93 -86.8874 0.610352
4 94 18.5638 0.610352
4 95 -56.4315 0.610352
4 96 195.076 0.610352
4 97 -34.0693 0.610352
4 98 -128.784 0.610352
4 99 -123.44 0.610352
4 100 29.3845 0.610352
4 101 -190.926 0.610352
4 102 -25.8198 0.610352
4 103 -70.4761 0.610352
4 104 -50.4417 0.610352
4 105 -112 0.610352
4 106 -96.2959 0.610352
4 107 74.5278 0.610352
4 108 -118.678 0.610352
4 109 -0.126615 0.610352
4 110 -87.4036 0.610352
4 111 -159.185 0.610352
4 112 -133.57 0.610352
4 113 -137.241 0.610352
4 114 -84.8389 0.610352
4 115 -87.0725 0.610352
4 116 -152.786 0.610352
4 117 14.3562 0.610352
4 118 78.7938 0.610352
4 119 82.8552 0.610352
4 120 -64.3401 0.610352
4 121 122.807 0.610352
4 122 -10.8337 0.610352
4 123 0.915527 0.610352
4 124 -75.6836 0.610352
4 125 -13.2187 0.610352
4 126 -540.771 0.610352
4 127 0 0.610352
4 128 80.1184 0.610352
4 129 -56.451 0.610352
4 130 -55.779 0.610352
4 131 20.0734 0.610352
4 132 46.4387 0.610352
4 133 49.0294 0.610352
4 134 134.592 0.610352
4 135 30.8065 0.610352
4 136 20.5994 0.610352
4 137 -82.602 0.610352
4 138 -129.635 0.610352
4 139 -71.3332 0.610352
4 140 48.7372 0.610352
4 141 -77.4595 0.610352
4 142 25.0212 0.610352
4 143 1.34407 0.610352
4 144 -32.3941 0.610352
4 145 73.7681 0.610352
4 146 -111.996 0.610352
4 147 -120.772 0.610352
4 148 -166.704 0.610352
4 149 -196.186 0.610352
4 150 57.8535 0.610352
4 151 -86.2057 0.610352
4 152 -119.038 0.610352
4 153 -170.278 0.610352
4 154 -176.843 0.610352
4 155 -81.1508 0.610352
4 156 -53.0421 0.610352
4 157 -32.8811 0.610352
4 158 -92.0397 0.610352
4 159 -149.591 0.610352
4 160 69.1028 0.610352
4 161 -35.1601 0.610352
4 162 -176.395 0.610352
4 163 17.5411 0.610352
4 164 -87.6861 0.610352
4 165 -148.841 0.610352
4 166 -138.751 0.610352
4 167 1.39277 0.610352
4 168 -70.3982 0.610352
4 169 -89.0983 0.610352
4 170 -28.1963 0.610352
4 171 -116.214 0.610352
4 172 -51.2793 0.610352
4 173 -96.2083 0.610352
4 174 -100.913 0.610352
4 175 -27.5632 0.610352
4 176 -198.708 0.610352
4 177 -22.3817 0.610352
4 178 -61.2137 0.610352
4 179 -154.179 0.610352
4 180 -32.4038 0.610352
4 181 -25.5861 0.610352
4 182 9.30137 0.610352
4 183 -44.9485 0.610352
4 184 -75.755 0.610352
4 185 -47.8996 0.610352
4 186 25.0309 0.610352
4 187 -121.94 0.610352
4 188 -22.3233 0.610352
4 189 -78.3847 0.610352
4 190 11.8239 0.610352
4 191 -8.8501 0.610352
4 192 -157.919 0.610352
4 193 -34.4686 0.610352
4 194 105.441 0.610352
4 195 -21.1643 0.610352
4 196 -43.1077 0.610352
4 197 -143.572 0.610352
4 198 -87.3355 0.610352
4 199 31.5662 0.610352
4 200 32.0045 0.610352
4 201 -114.344 0.610352
4 202 39.3092 0.610352
4 203 54.1038 0.610352
4 204 -99.6951 0.610352
4 205 -49.906 0.610352
4 206 -93.1403 0.610352
4 207 32.9005 0.610352
4 208 -5.77561 0.610352
4 209 37.0399 0.610352
4 210 22.5765 0.610352
4 211 6.66192 0.610352
4 212 -279.246 0.610352
4 213 -91.9813 0.610352
4 214 -202.556 0.610352
4 215 -72.1124 0.610352
4 216 -142.851 0.610352
4 217 -135.401 0.610352
4 218 21.9434 0.610352
4 219 43.4096 0.610352
4 220 -123.255 0.610352
4 221 -103.786 0.610352
4 222 44.6173 0.610352
4 223 -64.8661 0.610352
4 224 -25.8296 0.610352
4 225 -84.9395 0.610352
4 226 -59.4606 0.610352
4 227 73.7876 0.610352
4 228 -118.59 0.610352
4 229 -30.6702 0.610352
4 230 18.1158 0.610352
4 231 -63.5707 0.610352
4 232 51.552 0.610352
4 233 -74.7031 0.610352
4 234 -60.4151 0.610352
4 235 -272.145 0.610352
4 236 -41.8708 0.610352
4 237 -21.4954 0.610352
4 238 -97.3283 0.610352
4 239 -32.2285 0.610352
4 240 4.39258 0.610352
4 241 58.6717 0.610352
4 242 -42.3967 0.610352
4 243 -138.137 0.610352
4 244 61.9345 0.610352
4 245 -40.5267 0.610352
4 246 -81.7839 0.610352
4 247 -240.043 0.610352
4 248 -15.9633 0.610352
4 249 -135.722 0.610352
4 250 -125.739 0.610352
4 251 -21.9142 0.610352
4 252 -151.198 0.610352
4 253 -114.509 0.610352
4 254 -107.604 0.610352
4 255 -206.909 0.610352
5 0 0 0.610352
5 1 0 0.610352
5 2 -475.497 0.610352
5 3 -71.4613 0.610352
5 4 32.959 0.610352
5 5 -106.201 0.610352
5 6 77.3621 0.610352
5 7 -12.6648 0.610352
5 8 167.456 0.610352
5 9 32.196 0.610352
5 10 131.144 0.610352
5 11 -21.0571 0.610352
5 12 -53.2532 0.610352
5 13 -86.9751 0.610352
5 14 -184.479 0.610352
5 15 -87.4329 0.610352
5 16 -54.0161 0.610352
5 17 -243.384 0.610352
5 18 -19.5313 0.610352
5 19 -41.5039 0.610352
5 20 -153.198 0.610352
5 21 -132.751 0.610352
5 22 24.5667 0.610352
5 23 -86.3647 0.610352
5 24 -28.7709 0.610352
5 25 -34.4686 0.610352
5 26 -66.0706 0.610352
5 27 -78.4302 0.610352
5 28 -103.873 0.610352
5 29 -184.342 0.610352
5 30 -139.465 0.610352
5 31 -54.2012 0.610352
5 32 -71.5637 0.610352
5 33 -35.4004 0.610352
5 34 -141.144 0.610352
5 35 -139.852 0.610352
5 36 -83.5662 0.610352
5 37 -99.0328 0.610352
5 38 -74.1675 0.610352
5 39 -161.795 0.610352
5 40 -93.5364 0.610352
5 41 -190.79 0.610352
5 42 -71.4111 0.610352
5 43 -35.988 0.610352
5 44 -29.0436 0.610352
5 45 -7.07099 0.610352
5 46 -94.0558 0.610352
5 47 -99.8022 0.610352
5 48 -88.8062 0.610352
5 49 50.7825 0.610352
5 50 -106.659 0.610352
5 51 -60.7365 0.610352
5 52 4.69451 0.610352
5 53 48.5229 0.610352
5 54 -3.02903 0.610352
5 55 37.5366 0.610352
5 56 -58.7009 0.610352
5 57 29.7546 0.610352
5 58 13.5089 0.610352
5 59 41.9617 0.610352
5 60 3.32122 0.610352
5 61 -44.4031 0.610352
5 62 3.08747 0.610352
5 63 -93.689 0.610352
5 64 123.596 0.610352
5 65 -80.0405 0.610352
5 66 -98.4971 0.610352
5 67 88.1731 0.610352
5 68 -34.3615 0.610352
5 69 -6.52557 0.610352
5 70 -3.66211 0.610352
5 71 -26.0536 0.610352
5 72 -10.9182 0.610352
5 73 24.6608 0.610352
5 74 17.2002 0.610352
5 75 -66.3368 0.610352
5 76 -30.076 0.610352
5 77 -45.5426 0.610352
5 78 -1.02266 0.610352
5 79 -226.288 0.610352
5 80 -37.9554 0.610352
5 81 -138.157 0.610352
5 82 66.7166 0.610352
5 83 -113.22 0.610352
5 84 29.891 0.610352
5 85 11.2396 0.610352
5 86 57.5224 0.610352
5 87 100.114 0.610352
5 88 -160.889 0.610352
5 89 -81.7839 0.610352
5 90 9.31111 0.610352
5 91 -102.198 0.610352
5 92 -7.82094 0.610352
5 93 56.5484 0.610352
5 94 -42.1727 0.610352
5 95 40.0105 0.610352
5 96 -133.618 0.610352
5 97 106.98 0.610352
5 98 138.04 0.610352
5 99 169.606 0.610352
5 100 -6.71387 0.610352
5 101 30.6507 0.610352
5 102 51.2306 0.610352
5 103 71.7325 0.610352
5 104 98.2731 0.610352
5 105 161.893 0.610352
5 106 159.584 0.610352
5 107 -9.30137 0.610352
5 108 88.3289 0.610352
5 109 18.1645 0.610352
5 110 -26.4529 0.610352
5 111 87.8809 0.610352
5 112 162.201 0.610352
5 113 110.954 0.610352
5 114 94.1337 0.610352
5 115 138.092 0.610352
5 116 71.4111 0.610352
5 117 -2.06481 0.610352
5 118 15.3205 0.610352
5 119 143.279 0.610352
5 120 104.523 0.610352
5 121 -142.67 0.610352
5 122 -40.8936 0.610352
5 123 -89.5691 0.610352
5 124 -141.493 0.610352
5 125 -178.214 0.610352
5 126 -1869.76 0.610352
5 127 0 0.610352
5 128 -183.154 0.610352
5 129 2.2109 0.610352
5 130 -80.3327 0.610352
5 131 -33.0759 0.610352
5 132 9.27215 0.610352
5 133 -13.0998 0.610352
5 134 -61.2429 0.610352
5 135 9.16501 0.610352
5 136 -140.475 0.610352
5 137 -90.2963 0.610352
5 138 -39.2118 0.610352
5 139 -75.755 0.610352
5 140 2.58101 0.610352
5 141 112.181 0.610352
5 142 -98.7211 0.610352
5 143 -94.4844 0.610352
5 144 95.3317 0.610352
5 145 -193.994 0.610352
5 146 97.8251 0.610352
5 147 81.2871 0.610352
5 148 -33.4752 0.610352
5 149 -13.2654 0.610352
5 150 -86.3225 0.610352
5 151 -91.767 0.610352
5 152 27.9625 0.610352
5 153 -102.442 0.610352
5 154 -79.3392 0.610352
5 155 -201.728 0.610352
5 156 -155.786 0.610352
5 157 -82.0761 0.610352
5 158 -46.4776 0.610352
5 159 -5.67822 0.610352
5 160 38.121 0.610352
5 161 -51.1234 0.610352
5 162 32.9005 0.610352
5 163 -62.8695 0.610352
5 164 -95.2441 0.610352
5 165 147.536 0.610352
5 166 -89.0302 0.610352
5 167 181.722 0.610352
5 168 -16.1094 0.610352
5 169 107.75 0.610352
5 170 13.9472 0.610352
5 171 -29.2774 0.610352
5 172 -61.652 0.610352
5 173 56.5289 0.610352
5 174 113.409 0.610352
5 175 51.3961 0.610352
5 176 -11.9603 0.610352
5 177 9.23319 0.610352
5 178 43.8771 0.610352
5 179 -72.4922 0.610352
5 180 -43.6142 0.610352
5 181 43.283 0.610352
5 182 28.1573 0.610352
5 183 -183.456 0.610352
5 184 -67.4374 0.610352
5 185 17.171 0.610352
5 186 110.759 0.610352
5 187 29.3164 0.610352
5 188 -86.6634 0.610352
5 189 6.09702 0.610352
5 190 -1351.07 0.610352
5 191 104.675 0.610352
5 192 0 0.610352
5 193 -48.3671 0.610352
5 194 -166.071 0.610352
5 195 -36.8938 0.610352
5 196 -91.9034 0.610352
5 197 -32.5499 0.610352
5 198 -37.2347 0.610352
5 199 76.8361 0.610352
5 200 -77.5958 0.610352
5 201 28.7612 0.610352
5 202 3.70107 0.610352
5 203 -83.0987 0.610352
5 204 -34.7413 0.610352
5 205 -206.899 0.610352
5 206 7.63589 0.610352
5 207 -44.6368 0.610352
5 208 -158.328 0.610352
5 209 -11.1324 0.610352
5 210 -121.97 0.610352
5 211 -23.2972 0.610352
5 212 61.9831 0.610352
5 213 -165.876 0.610352
5 214 29.1021 0.610352
5 215 69.8041 0.610352
5 216 179.749 0.610352
5 217 249.634 0.610352
5 218 -33.9719 0.610352
5 219 -127.482 0.610352
5 220 -144.429 0.610352
5 221 156.653 0.610352
5 222 -54.8342 0.610352
5 223 3.89586 0.610352
5 224 17.6385 0.610352
5 225 -45.2894 0.610352
5 226 -7.34673 0.610352
5 227 17.2781 0.610352
5 228 -41.9876 0.610352
5 229 204.377 0.610352
5 230 -95.1174 0.610352
5 231 23.1025 0.610352
5 232 -9.41824 0.610352
5 233 -180.71 0.610352
5 234 -72.6383 0.610352
5 235 36.9522 0.610352
5 236 -182.881 0.610352
5 237 81.0631 0.610352
5 238 51.6007 0.610352
5 239 -66.59 0.610352
5 240 -63.7363 0.610352
5 241 -4.66529 0.610352
5 242 -3.98352 0.610352
5 243 69.2002 0.610352
5 244 -18.5443 0.610352
5 245 -69.619 0.610352
5 246 50.1884 0.610352
5 247 58.5548 0.610352
5 248 -105.227 0.610352
5 249 12.8076 0.610352
5 250 169.149 0.610352
5 251 20.9597 0.610352
5 252 8.08391 0.610352
5 253 237.842 0.610352
5 254 119.272 0.610352
5 255 122.986 0.610352
